Date,Open,High,Low,Close,Adj Close,Volume,date,z
2019-09-19,40.349998474121094,41.439998626708984,36.029998779296875,0.05823279664088016,37.54999923706055,22025800,2019-09-19,1.2506836500518081
2019-09-20,38.59000015258789,39.20000076293945,36.150001525878906,0.04966015769221263,36.150001525878906,3322600,2019-09-20,1.2846089065770845
2019-09-23,36.58000183105469,38.150001525878906,35.75,0.04941521914431843,36.11000061035156,2237300,2019-09-23,1.2855782233907282
2019-09-24,36.0099983215332,37.119998931884766,34.060001373291016,0.03955666449851905,34.5,3175000,2019-09-24,1.324592346968064
2019-09-25,34.599998474121094,35.599998474121094,34.20000076293945,0.04414915715772058,35.25,3026600,2019-09-25,1.3064180726883714
2019-09-26,36.0,36.290000915527344,32.29999923706055,0.02694260958547362,32.439998626708984,2658200,2019-09-26,1.3745110536010434
2019-09-27,33.0,33.5099983215332,30.469999313354492,0.02590165579486156,32.27000045776367,2475900,2019-09-27,1.3786305114003203
2019-09-30,32.63999938964844,34.20000076293945,32.0,0.035943902672268824,33.90999984741211,1385000,2019-09-30,1.3388894464323213
2019-10-01,34.25,34.47999954223633,31.25,0.026636448079918634,32.38999938964844,1291300,2019-10-01,1.3757226533985285
2019-10-02,31.649999618530273,31.899999618530273,30.010000228881836,0.018737366779334658,31.100000381469727,1877200,2019-10-02,1.4069823811254238
2019-10-03,31.18000030517578,34.79999923706055,30.5,0.029698109852719673,32.88999938964844,2437800,2019-10-03,1.3636064705454
2019-10-04,33.04999923706055,35.08000183105469,32.79899978637695,0.040903803153311685,34.720001220703125,918700,2019-10-04,1.319261196932163
2019-10-07,34.900001525878906,37.970001220703125,34.400001525878906,0.05370155029796497,36.810001373291016,1983800,2019-10-07,1.2686155489085205
2019-10-08,36.5,36.70000076293945,34.91999816894531,0.04537382653856609,35.45000076293945,1217000,2019-10-08,1.301571581059292
2019-10-09,35.849998474121094,37.4900016784668,35.61000061035156,0.05333414247612364,36.75,1166800,2019-10-09,1.2700695241289859
2019-10-10,36.75,37.349998474121094,35.150001525878906,0.046292311055231045,35.599998474121094,1348600,2019-10-10,1.2979367816668372
2019-10-11,35.93000030517578,36.47999954223633,35.369998931884766,0.04672094183473316,35.66999816894531,2168600,2019-10-11,1.2962405234625303
2019-10-14,35.650001525878906,36.25,32.95000076293945,0.03092277923356518,33.09000015258789,2194800,2019-10-14,1.3587599789163207
2019-10-15,33.16999816894531,34.849998474121094,32.5099983215332,0.04139365689047453,34.79999923706055,1473000,2019-10-15,1.3173226557440147
2019-10-16,33.560001373291016,33.77000045776367,31.899999618530273,0.025473025015359474,32.20000076293945,1987700,2019-10-16,1.3803267696046273
2019-10-17,32.29999923706055,34.15999984741211,32.29999923706055,0.03625006417782381,33.959999084472656,1488800,2019-10-17,1.3376778466348362
2019-10-18,33.84000015258789,33.875,31.459999084472656,0.021615324641215017,31.56999969482422,1305000,2019-10-18,1.3955931858825281
2019-10-21,31.899999618530273,32.099998474121094,29.700000762939453,0.01206294318028342,30.010000228881836,1981500,2019-10-21,1.4333956634428096
2019-10-22,30.049999237060547,30.309999465942383,28.010000228881836,0.0,28.040000915527344,1964400,2019-10-22,1.4811334072450906
2019-10-23,27.899999618530273,29.25,27.549999237060547,0.0044087887482808785,28.760000228881836,2779600,2019-10-23,1.4636861205756306
2019-10-24,29.15999984741211,33.459999084472656,29.149999618530273,0.02731001740731495,32.5,3813400,2019-10-24,1.373057078380578
2019-10-25,32.86000061035156,34.5,32.400001525878906,0.03833199511767352,34.29999923706055,2117700,2019-10-25,1.3294388385971434
2019-10-28,35.0,35.4370002746582,33.11000061035156,0.03208620229812437,33.279998779296875,1906100,2019-10-28,1.3541558627102221
2019-10-29,33.189998626708984,34.08000183105469,32.599998474121094,0.03435184882820755,33.650001525878906,716700,2019-10-29,1.3451898208427269
2019-10-30,33.790000915527344,34.869998931884766,33.380001068115234,0.041454903206760874,34.810001373291016,919700,2019-10-30,1.3170802803210344
2019-10-31,34.81999969482422,34.9900016784668,33.119998931884766,0.03398444100636622,33.59000015258789,965200,2019-10-31,1.3466437960631923
2019-11-01,33.70000076293945,34.47999954223633,33.630001068115234,0.03661747199966514,34.02000045776367,803900,2019-11-01,1.3362238714143708
2019-11-04,34.529998779296875,34.869998931884766,33.36000061035156,0.03918925667667772,34.439998626708984,865500,2019-11-04,1.3260463221885297
2019-11-05,34.5,35.25,33.209999084472656,0.042067226217870846,34.90999984741211,1021100,2019-11-05,1.3146570807260642
2019-11-06,34.560001373291016,34.7599983215332,32.88999938964844,0.03073908700195732,33.060001373291016,1257800,2019-11-06,1.359486920306984
2019-11-07,33.29999923706055,33.7400016784668,31.0,0.01990080152320664,31.290000915527344,1016600,2019-11-07,1.4023782186997555
2019-11-08,31.110000610351562,32.83000183105469,30.260000228881836,0.029208256115556802,32.810001373291016,931700,2019-11-08,1.3655450117335481
2019-11-11,32.7599983215332,34.0,32.36000061035156,0.03373950245847199,33.54999923706055,1665000,2019-11-11,1.347613112876836
2019-11-12,33.810001373291016,35.20000076293945,33.79999923706055,0.03894434148740908,34.400001525878906,3258700,2019-11-12,1.3270155465630342
2019-11-13,38.81999969482422,41.91999816894531,38.25,0.07439836706388944,40.189998626708984,10597600,2019-11-13,1.1867102193775523
2019-11-14,40.18000030517578,41.720001220703125,39.380001068115234,0.0816238907163899,41.369998931884766,2564300,2019-11-14,1.158116020449038
2019-11-15,41.75,42.959999084472656,40.43000030517578,0.07709264437347471,40.630001068115234,2117200,2019-11-15,1.17604791930575
2019-11-18,40.720001220703125,41.47999954223633,39.75,0.07519440566523286,40.31999969482422,1151500,2019-11-18,1.18355998595278
2019-11-19,40.45000076293945,40.880001068115234,37.529998779296875,0.06803012832901875,39.150001525878906,1890800,2019-11-19,1.2119118094583137
2019-11-20,38.83000183105469,39.9379997253418,37.599998474121094,0.06343763566981722,38.400001525878906,1158000,2019-11-20,1.2300860837380063
2019-11-21,38.2400016784668,40.16999816894531,38.18000030517578,0.07341863623093814,40.029998779296875,1410300,2019-11-21,1.1905873941929876
2019-11-22,41.349998474121094,42.70000076293945,39.709999084472656,0.07960320609282653,41.040000915527344,2671100,2019-11-22,1.1661126530637502
2019-11-25,41.5,44.09000015258789,41.46699905395508,0.09044149157157719,42.810001373291016,2295000,2019-11-25,1.1232213546709788
2019-11-26,43.099998474121094,43.70000076293945,39.810001373291016,0.07660276727768628,40.54999923706055,1779400,2019-11-26,1.1779865529330373
2019-11-27,40.79999923706055,42.20000076293945,39.720001220703125,0.08462432953153012,41.86000061035156,1278500,2019-11-27,1.1462421205797506
2019-11-29,41.81999969482422,42.20000076293945,40.560001373291016,0.07794990593247891,40.77000045776367,574800,2019-11-29,1.1726554028971363
2019-12-02,41.11000061035156,41.31999969482422,37.84000015258789,0.07078560523763922,39.599998474121094,2047900,2019-12-02,1.2010073188418093
2019-12-03,37.58000183105469,38.72200012207031,37.5,0.05957993529567279,37.77000045776367,2118900,2019-12-03,1.2453525000159071
2019-12-04,38.0,38.25,36.09000015258789,0.0543750962667357,36.91999816894531,1662400,2019-12-04,1.2659500663297092
2019-12-05,36.83000183105469,36.83000183105469,35.810001373291016,0.04788438825791791,35.86000061035156,2028400,2019-12-05,1.2916363148172925
2019-12-06,35.93000030517578,36.33000183105469,35.599998474121094,0.048190549763472895,35.90999984741211,2864400,2019-12-06,1.2904247150198074
2019-12-09,34.630001068115234,36.040000915527344,34.099998474121094,0.043598057104271365,35.15999984741211,3169400,2019-12-09,1.3085989892995
2019-12-10,34.33000183105469,36.25,34.2599983215332,0.041454903206760874,34.810001373291016,5370700,2019-12-10,1.3170802803210344
2019-12-11,34.810001373291016,35.68000030517578,33.060001373291016,0.04598614954967606,35.54999923706055,3372400,2019-12-11,1.299148381464322
2019-12-12,35.45000076293945,36.61000061035156,35.13999938964844,0.04708834965657449,35.72999954223633,2062800,2019-12-12,1.2947865482420648
2019-12-13,36.20000076293945,39.130001068115234,36.0099983215332,0.06582572811522194,38.790000915527344,4404000,2019-12-13,1.2206354759028284
2019-12-16,38.90999984741211,39.02000045776367,37.130001068115234,0.06582572811522194,38.790000915527344,2943600,2019-12-16,1.2206354759028284
2019-12-17,37.86000061035156,38.2400016784668,36.02000045776367,0.055967173469422565,37.18000030517578,5174100,2019-12-17,1.2596495994801644
2019-12-18,37.65999984741211,38.75,36.810001373291016,0.06227418924663247,38.209999084472656,3146200,2019-12-18,1.2346902923832441
2019-12-19,37.5099983215332,38.439998626708984,37.5,0.061600619919236155,38.099998474121094,1524500,2019-12-19,1.2373558674011949
2019-12-20,37.709999084472656,38.869998931884766,37.599998474121094,0.06411118163858798,38.5099983215332,3420600,2019-12-20,1.227420601159195
2019-12-23,38.849998474121094,39.63999938964844,37.40999984741211,0.05976362752728065,37.79999923706055,2284100,2019-12-23,1.244625558625244
2019-12-24,37.720001220703125,37.797000885009766,36.619998931884766,0.05541607341597335,37.09000015258789,783600,2019-12-24,1.261830516091293
2019-12-26,37.29999923706055,38.20000076293945,37.0,0.06074335836023195,37.959999084472656,1378000,2019-12-26,1.2407483838098086
2019-12-27,37.900001525878906,37.95199966430664,35.611000061035156,0.04941521914431843,36.11000061035156,3473000,2019-12-27,1.2855782233907282
2019-12-30,36.720001220703125,37.20000076293945,35.400001525878906,0.05566101196386758,37.130001068115234,1611100,2019-12-30,1.2608611992776493
2019-12-31,36.900001525878906,37.95000076293945,36.77000045776367,0.05964115825333355,37.779998779296875,1460200,2019-12-31,1.2451102170320658
2020-01-02,38.220001220703125,38.25,36.599998474121094,0.053027980970568656,36.70000076293945,1784200,2020-01-02,1.271281123926471
2020-01-03,36.11000061035156,37.69900131225586,35.95800018310547,0.05743675803953671,37.41999816894531,1573200,2020-01-03,1.2538338834765805
2020-01-06,37.5099983215332,40.06999969482422,37.380001068115234,0.07262262098822028,39.900001525878906,5563200,2020-01-06,1.1937375351786208
2020-01-07,39.95000076293945,41.540000915527344,39.20000076293945,0.07360235182117159,40.060001373291016,4065600,2020-01-07,1.1898603603631854
2020-01-08,40.29999923706055,41.08000183105469,39.150001525878906,0.07292878249377527,39.95000076293945,1957200,2020-01-08,1.192525935381136
2020-01-09,40.45000076293945,40.96500015258789,39.880001068115234,0.07452083633783654,40.209999084472656,1629700,2020-01-09,1.1862255609707304
2020-01-10,40.54999923706055,40.880001068115234,39.84199905395508,0.07421467483228156,40.15999984741211,1675800,2020-01-10,1.1874371607682153
2020-01-13,40.720001220703125,43.52000045776367,40.599998474121094,0.07899085972309097,40.939998626708984,5296900,2020-01-13,1.1685359450978594
2020-01-14,41.15999984741211,41.39899826049805,38.81999969482422,0.06876492061407585,39.27000045776367,2403100,2020-01-14,1.2090039514565218
2020-01-15,39.56999969482422,41.4900016784668,39.400001525878906,0.07464330561178367,40.22999954223633,2098300,2020-01-15,1.1857409025639085
2020-01-16,40.7400016784668,41.777000427246094,39.959999084472656,0.07697017509952761,40.61000061035156,2020100,2020-01-16,1.176532577712572
2020-01-17,41.20000076293945,41.720001220703125,40.61000061035156,0.08052169060949146,41.189998626708984,1377500,2020-01-17,1.1624778536712952
2020-01-21,41.18000030517578,42.275001525878906,40.470001220703125,0.08015430614627575,41.130001068115234,2192100,2020-01-21,1.1639317364526216
2020-01-22,41.47999954223633,42.66999816894531,41.255001068115234,0.08682872974532699,42.220001220703125,1167500,2020-01-22,1.137518454135236
2020-01-23,42.33000183105469,43.25,40.93000030517578,0.09044149157157719,42.810001373291016,1799700,2020-01-23,1.1232213546709788
2020-01-24,43.4900016784668,44.029998779296875,40.810001373291016,0.08578775259608931,42.04999923706055,2572000,2020-01-24,1.141638004373652
2020-01-27,40.0,41.33000183105469,39.25,0.080919721589476,41.255001068115234,2053800,2020-01-27,1.1609026907393394
2020-01-28,41.58000183105469,42.209999084472656,40.58000183105469,0.08646132192348563,42.15999984741211,1229600,2020-01-28,1.1389724293557015
2020-01-29,42.900001525878906,44.9900016784668,42.15999984741211,0.09723836108594999,43.91999816894531,2817800,2020-01-29,1.0963235063859105
2020-01-30,43.4900016784668,47.20000076293945,43.08100128173828,0.11634314736643878,47.040000915527344,2830800,2020-01-30,1.0207184588262086
2020-01-31,47.130001068115234,47.2599983215332,45.73899841308594,0.11126077761144879,46.209999084472656,1708800,2020-01-31,1.0408313667331885
2020-02-03,46.619998931884766,47.47999954223633,43.5099983215332,0.10544361557140172,45.2599983215332,2275200,2020-02-03,1.0638521326419605
2020-02-04,46.209999084472656,48.4900016784668,45.72999954223633,0.11977219360245553,47.599998474121094,1780200,2020-02-04,1.0071483931917538
2020-02-05,48.880001068115234,49.07600021362305,43.77000045776367,0.1083215851125949,45.72999954223633,2455200,2020-02-05,1.0524628911794953
2020-02-06,45.75,46.29999923706055,44.10100173950195,0.11028104677849751,46.04999923706055,1081100,2020-02-06,1.0447085415486241
2020-02-07,46.5,47.97999954223633,46.150001525878906,0.11720040892544295,47.18000030517578,1765800,2020-02-07,1.0173259424175949
2020-02-10,47.52000045776367,49.0,47.5,0.12191537085859158,47.95000076293945,1537100,2020-02-10,0.9986670097310802
2020-02-11,48.619998931884766,49.41999816894531,47.34000015258789,0.12105810929958741,47.810001373291016,1884400,2020-02-11,1.002059526139694
2020-02-12,48.25,50.119998931884766,48.04999923706055,0.13452940241301145,50.0099983215332,2199400,2020-02-12,0.9487483955372401
2020-02-13,49.349998474121094,49.470001220703125,47.709999084472656,0.12528319413694758,48.5,3361800,2020-02-13,0.9853392270804668
2020-02-14,45.90999984741211,48.689998626708984,44.25,0.11628190105015243,47.029998779296875,8374800,2020-02-14,1.0209608342491892
2020-02-18,47.290000915527344,48.58000183105469,46.60499954223633,0.11658808591433298,47.08000183105469,3049600,2020-02-18,1.0197491420125648
2020-02-19,47.20000076293945,47.86000061035156,46.40999984741211,0.11793520121050002,47.29999923706055,2877400,2020-02-19,1.014418084415803
2020-02-20,45.68000030517578,47.029998779296875,44.08000183105469,0.10991366231528174,45.9900016784668,5201800,2020-02-20,1.0461624243299505
2020-02-21,45.63999938964844,45.790000915527344,43.7239990234375,0.10801542360703989,45.68000030517578,2695900,2020-02-21,1.0536744909769802
2020-02-24,43.0,45.349998474121094,42.33000183105469,0.10360662317944622,44.959999084472656,3187400,2020-02-24,1.0711218238660098
2020-02-25,45.400001525878906,45.60200119018555,43.0,0.09962647688998025,44.310001373291016,4406100,2020-02-25,1.0868728061115933
2020-02-26,44.060001373291016,45.38999938964844,43.5,0.09717713812828924,43.90999984741211,2817400,2020-02-26,1.0965657893697518
2020-02-27,42.119998931884766,46.58000183105469,41.720001220703125,0.10930131594554618,45.88999938964844,7190100,2020-02-27,1.0485857163640597
2020-02-28,43.79999923706055,45.84000015258789,43.5,0.104770069602631,45.150001525878906,4457400,2020-02-28,1.0665176152207718
2020-03-02,45.0,45.779998779296875,43.61000061035156,0.10256566938883419,44.790000915527344,5880800,2020-03-02,1.0752412816652868
2020-03-03,44.79999923706055,44.86000061035156,42.36000061035156,0.09405425339782744,43.400001525878906,4483700,2020-03-03,1.1089242552067216
2020-03-04,44.33000183105469,44.900001525878906,43.130001068115234,0.10094299238662971,44.525001525878906,2239900,2020-03-04,1.0816628437871825
2020-03-05,43.310001373291016,48.119998931884766,43.310001373291016,0.11793520121050002,47.29999923706055,5074300,2020-03-05,1.014418084415803
2020-03-06,46.0099983215332,46.439998626708984,43.08000183105469,0.09540136869399449,43.619998931884766,3987400,2020-03-06,1.1035931976099598
2020-03-09,38.779998779296875,40.0,37.369998931884766,0.0660094203468298,38.81999969482422,9150100,2020-03-09,1.2199085345121652
2020-03-10,39.75,39.849998474121094,36.45000076293945,0.06098829690812618,38.0,13106300,2020-03-10,1.2397790669961648
2020-03-11,37.310001373291016,37.709999084472656,34.790000915527344,0.046047395865962404,35.560001373291016,6011700,2020-03-11,1.2989060060413415
2020-03-12,32.459999084472656,34.93000030517578,31.0,0.030984002191225962,33.099998474121094,6687300,2020-03-12,1.3585176959324794
2020-03-13,36.0,36.599998474121094,32.0,0.04421038011538134,35.2599983215332,5704700,2020-03-13,1.30617578970453
2020-03-16,32.0,33.18000030517578,28.8799991607666,0.0056334464498135894,28.959999084472656,4915500,2020-03-16,1.458839675166121
2020-03-17,29.530000686645508,34.439998626708984,29.309999465942383,0.03722979501077511,34.119998931884766,4476800,2020-03-17,1.3338006718194007
2020-03-18,30.850000381469727,33.880001068115234,30.459999084472656,0.024738232730302373,32.08000183105469,3133800,2020-03-18,1.3832346276064191
2020-03-19,32.0,33.77000045776367,31.299999237060547,0.030984002191225962,33.099998474121094,4076200,2020-03-19,1.3585176959324794
2020-03-20,33.540000915527344,35.119998931884766,33.0099983215332,0.03269854866785993,33.380001068115234,5349700,2020-03-20,1.351732570676113
2020-03-23,34.099998474121094,34.099998474121094,30.6299991607666,0.029759356169006018,32.900001525878906,4407900,2020-03-23,1.3633640951224195
2020-03-24,34.04999923706055,35.38999938964844,33.75,0.03949544154085827,34.4900016784668,3495400,2020-03-24,1.3248346299519054
2020-03-25,34.11000061035156,36.88999938964844,33.599998474121094,0.03459676401747619,33.689998626708984,3049100,2020-03-25,1.3442205964682223
2020-03-26,34.06999969482422,35.93000030517578,33.40999984741211,0.03833199511767352,34.29999923706055,4155000,2020-03-26,1.3294388385971434
2020-03-27,34.290000915527344,35.2400016784668,33.141998291015625,0.03986282600407404,34.54999923706055,2892500,2020-03-27,1.3233807471705792
2020-03-30,35.45000076293945,35.654998779296875,33.75,0.04108749538491954,34.75,2321400,2020-03-30,1.3185342555414998
2020-03-31,34.5,36.540000915527344,34.36000061035156,0.04861918054297498,35.97999954223633,3221700,2020-03-31,1.2887284568155004
2020-04-01,34.83000183105469,37.0,34.310001373291016,0.04188353398626299,34.880001068115234,2855200,2020-04-01,1.3153840221167274
2020-04-02,34.900001525878906,35.869998931884766,33.619998931884766,0.04016898750962902,34.599998474121094,1866000,2020-04-02,1.322169147373094
2020-04-03,34.5,35.34400177001953,33.040000915527344,0.04072008756307821,34.689998626708984,2626900,2020-04-03,1.3199882307619655
2020-04-06,35.439998626708984,36.45000076293945,35.099998474121094,0.05045617293493049,36.279998779296875,2187300,2020-04-06,1.2814587655914513
2020-04-07,37.0,37.2400016784668,35.0099983215332,0.04812932680581214,35.900001525878906,2920700,2020-04-07,1.2906669980036487
2020-04-08,36.099998474121094,37.88999938964844,35.400001525878906,0.05578348123781468,37.150001525878906,4113200,2020-04-08,1.2603765408708274
2020-04-09,37.0,37.4900016784668,36.349998474121094,0.05455881185696915,36.95000076293945,2737200,2020-04-09,1.2652230324999068
2020-04-13,37.689998626708984,38.349998474121094,37.41999816894531,0.060192258306782764,37.869998931884766,3050700,2020-04-13,1.2429293004209372
2020-04-14,38.56999969482422,39.11600112915039,38.25,0.06656052040027902,38.90999984741211,2725600,2020-04-14,1.2177276179010366
2020-04-15,38.58000183105469,39.36000061035156,38.02000045776367,0.06551956660966696,38.7400016784668,2956200,2020-04-15,1.2218470757003135
2020-04-16,39.099998474121094,39.91999816894531,38.720001220703125,0.07103054378553345,39.63999938964844,2895800,2020-04-16,1.2000380020281656
2020-04-17,40.0,40.66899871826172,38.54999923706055,0.07568428276102132,40.400001525878906,3180000,2020-04-17,1.1816213523254924
2020-04-20,39.970001220703125,42.584999084472656,39.970001220703125,0.07929704458727152,40.9900016784668,2934300,2020-04-20,1.1673242528612353
2020-04-21,41.029998779296875,41.683998107910156,38.13999938964844,0.07323494399933025,40.0,3063300,2020-04-21,1.1913143355836509
2020-04-22,40.560001373291016,41.43000030517578,40.2599983215332,0.075010713433625,40.290000915527344,1885700,2020-04-22,1.1842869273434429
2020-04-23,40.0099983215332,41.0,38.68000030517578,0.0741534518746208,40.150001525878906,1540500,2020-04-23,1.1876794437520566
2020-04-24,40.88999938964844,42.099998474121094,40.22999954223633,0.08431816802597517,41.810001373291016,2781300,2020-04-24,1.1474537203772357
2020-04-27,42.25,43.43000030517578,42.0,0.09301327624858977,43.22999954223633,1619500,2020-04-27,1.1130438054451377
2020-04-28,43.560001373291016,44.22999954223633,41.79999923706055,0.09527889942004739,43.599998474121094,2260300,2020-04-28,1.1040778560167814
2020-04-29,43.849998474121094,45.13999938964844,43.7400016784668,0.10170840782982996,44.650001525878906,1961200,2020-04-29,1.0786337980739005
2020-04-30,44.93000030517578,45.279998779296875,44.439998626708984,0.10458635401239755,45.119998931884766,1734700,2020-04-30,1.0672446490505743
2020-05-01,44.0,45.470001220703125,43.132999420166016,0.10372909245339337,44.97999954223633,2092000,2020-05-01,1.070637165459188
2020-05-04,44.900001525878906,46.130001068115234,43.810001373291016,0.10893393148233041,45.83000183105469,2499300,2020-05-04,1.0500395991453861
2020-05-05,46.33000183105469,47.34000015258789,46.0099983215332,0.11364887005685351,46.599998474121094,3277100,2020-05-05,1.0313807588980106
2020-05-06,47.0,47.279998779296875,46.0099983215332,0.11340395486758484,46.560001373291016,2195600,2020-05-06,1.0323499832725151
2020-05-07,47.5,50.09000015258789,47.2599983215332,0.13208008700994597,49.61000061035156,4849400,2020-05-07,0.9584412863562594
2020-05-08,51.32500076293945,52.236000061035156,49.58000183105469,0.14506152638620715,51.72999954223633,5216300,2020-05-08,0.9070686969419536
2020-05-11,52.9900016784668,57.18000030517578,52.599998474121094,0.1693098820207211,55.689998626708984,10262800,2020-05-11,0.8111085509305694
2020-05-12,61.869998931884766,70.12000274658203,61.04999923706055,0.2499540652627852,68.86000061035156,24947300,2020-05-12,0.49196824651081306
2020-05-13,66.63999938964844,72.1500015258789,64.61299896240234,0.25687340405110515,69.98999786376953,13535300,2020-05-13,0.4645857398189229
2020-05-14,66.37999725341797,67.25,62.119998931884766,0.22748147906256602,65.19000244140625,13375000,2020-05-14,0.5809009842819892
2020-05-15,65.0,69.22000122070312,64.94000244140625,0.2395444339221622,67.16000366210938,6688500,2020-05-15,0.5331631942601385
2020-05-18,69.0,69.7699966430664,66.86000061035156,0.24107526480856276,67.41000366210938,4061800,2020-05-18,0.5271051028335743
2020-05-19,67.75,71.41999816894531,67.45999908447266,0.2573020348306072,70.05999755859375,4009400,2020-05-19,0.46288948161461607
2020-05-20,71.01000213623047,71.79000091552734,69.26000213623047,0.2612209581624124,70.69999694824219,3189700,2020-05-20,0.44738078235287393
2020-05-21,70.0,70.9800033569336,68.44999694824219,0.2562610810399951,69.88999938964844,2329400,2020-05-21,0.46700893941389293
2020-05-22,70.05000305175781,74.0,70.0,0.2755495595520918,73.04000091552734,4724400,2020-05-22,0.3906769504635279
2020-05-26,74.58999633789062,75.0,67.51000213623047,0.26305797391299346,71.0,5207800,2020-05-26,0.44011099868968545
2020-05-27,69.8499984741211,70.13200378417969,62.5,0.2374624796236869,66.81999969482422,6837200,2020-05-27,0.5414022947369707
2020-05-28,64.9000015258789,70.19999694824219,64.5999984741211,0.23936069497330317,67.12999725341797,4243400,2020-05-28,0.53389032052908
2020-05-29,68.76000213623047,71.47000122070312,67.5,0.2647112507147156,71.2699966430664,12944000,2020-05-29,0.4335683412954386
2020-06-01,70.61000061035156,72.16000366210938,69.25,0.25381174227830405,69.48999786376953,5487700,2020-06-01,0.4767019226720514
2020-06-02,69.48999786376953,72.08999633789062,67.18000030517578,0.2618945274898088,70.80999755859375,4859500,2020-06-02,0.44471520733492337
2020-06-03,70.77999877929688,73.4800033569336,69.30999755859375,0.27463105167680124,72.88999938964844,3133200,2020-06-03,0.3943118422951221
2020-06-04,73.12999725341797,73.69999694824219,69.44000244140625,0.2677117128884814,71.76000213623047,5502500,2020-06-04,0.42169434898701225
2020-06-05,69.94999694824219,72.08000183105469,68.20999908447266,0.2609760663317694,70.66000366210938,3433700,2020-06-05,0.44834991428823917
2020-06-08,71.37999725341797,77.69000244140625,70.08000183105469,0.2969811919616989,76.54000091552734,5918700,2020-06-08,0.30586367049162855
2020-06-09,76.38999938964844,78.48999786376953,73.58000183105469,0.27983586734711274,73.73999786376953,4048400,2020-06-09,0.37371436842045935
2020-06-10,75.72000122070312,79.18000030517578,75.31999969482422,0.3075133159348946,78.26000213623047,3476800,2020-06-10,0.2641839718963421
2020-06-11,76.12000274658203,79.4000015258789,75.18000030517578,0.2939807765051843,76.05000305175781,3803600,2020-06-11,0.31773747792177653
2020-06-12,77.9000015258789,80.62000274658203,76.2699966430664,0.3062274235963883,78.05000305175781,3672900,2020-06-12,0.26927274650926264
2020-06-15,78.1500015258789,83.19999694824219,77.62999725341797,0.3274753170571364,81.5199966430664,4509000,2020-06-15,0.18518659280630487
2020-06-16,82.04000091552734,84.44999694824219,80.55000305175781,0.3303532865983295,81.98999786376953,4655000,2020-06-16,0.17379735134383956
2020-06-17,83.37000274658203,84.98999786376953,82.25,0.33678279500811215,83.04000091552734,4969500,2020-06-17,0.1483532934009584
2020-06-18,83.87999725341797,87.11499786376953,82.12000274658203,0.3588879967451156,86.6500015258789,6667700,2020-06-18,0.06087443841110854
2020-06-19,88.25,89.56999969482422,85.19999694824219,0.35974525830411985,86.79000091552734,8109100,2020-06-19,0.057481922002494835
2020-06-22,87.66999816894531,89.5999984741211,87.08000183105469,0.37333904405011653,89.01000213623047,4979800,2020-06-22,0.003686040554079867
2020-06-23,90.0,93.0,87.88999938964844,0.37750290592981595,89.69000244140625,6748400,2020-06-23,0.012791975521305994
2020-06-24,90.05999755859375,92.88999938964844,86.45099639892578,0.3702161359610292,88.5,4140700,2020-06-24,0.016044598830188862
2020-06-25,88.13999938964844,91.552001953125,86.69000244140625,0.3769517825177412,89.5999984741211,3215100,2020-06-25,0.010610966471038102
2020-06-26,90.55999755859375,91.08000183105469,83.80000305175781,0.345722841778621,84.5,14063100,2020-06-26,0.11297406165521666
2020-06-29,85.0199966430664,85.23999786376953,80.08999633789062,0.34094665688781156,83.72000122070312,4920900,2020-06-29,0.13187527732557253
2020-06-30,84.29000091552734,87.16999816894531,83.7699966430664,0.3607249657784456,86.94999694824219,2752200,2020-06-30,0.05360483962619849
2020-07-01,87.19000244140625,89.75,86.01000213623047,0.37560464386294856,89.37999725341797,2447300,2020-07-01,0.005279816435137029
2020-07-02,90.5,91.06999969482422,88.33999633789062,0.37689053620145485,89.58999633789062,4516700,2020-07-02,0.01036859104805758
2020-07-06,91.3499984741211,92.5999984741211,88.0199966430664,0.373032859185936,88.95999908447266,5769400,2020-07-06,0.0048977327907040735
2020-07-07,90.01000213623047,92.16999816894531,88.55000305175781,0.37995219797425583,90.08999633789062,2898100,2020-07-07,0.022484773901186056
2020-07-08,91.8499984741211,96.83999633789062,91.0,0.4169370777957623,96.12999725341797,3914900,2020-07-08,0.16884828495237145
2020-07-09,97.98999786376953,98.98999786376953,93.16999816894531,0.4167533855641544,96.0999984741211,4841200,2020-07-09,0.16812134356170827
2020-07-10,96.81999969482422,98.13999938964844,95.125,0.4186516476310219,96.41000366210938,4141000,2020-07-10,0.17563350264787722
2020-07-13,97.7699966430664,98.63999938964844,85.66500091552734,0.35894924306140197,86.66000366210938,5577900,2020-07-13,0.06063206298812802
2020-07-14,87.5999984741211,90.83000183105469,83.0,0.3726042284064339,88.88999938964844,3781100,2020-07-14,0.0065939909950109244
2020-07-15,88.97000122070312,90.93000030517578,85.48999786376953,0.3700936900457077,88.4800033569336,3155600,2020-07-15,0.016529164797871507
2020-07-16,87.6500015258789,87.9000015258789,83.37999725341797,0.35071336541780707,85.31500244140625,3390400,2020-07-16,0.09322462444356816
2020-07-17,85.5999984741211,87.86000061035156,85.30999755859375,0.3628681663932072,87.30000305175781,3225000,2020-07-17,0.04512336372638584
2020-07-20,88.30999755859375,93.13999938964844,88.0999984741211,0.39250502992964054,92.13999938964844,3425600,2020-07-20,0.07216119755032416
2020-07-21,92.7699966430664,93.0,89.33999633789062,0.3838099217070259,90.72000122070312,4404500,2020-07-21,0.037751282618226106
2020-07-22,90.87999725341797,92.36000061035156,88.52999877929688,0.37633945950663117,89.5,1578500,2020-07-22,0.008187766876068087
2020-07-23,88.8499984741211,91.30000305175781,83.57099914550781,0.3501316422062146,85.22000122070312,3378900,2020-07-23,0.0955267287661871
2020-07-24,83.4000015258789,86.75,81.54100036621094,0.3478047493598452,84.83999633789062,2244200,2020-07-24,0.10473514605666293
2020-07-27,86.19999694824219,88.58000183105469,85.67500305175781,0.36611352039761613,87.83000183105469,1782500,2020-07-27,0.0322802394825942
2020-07-28,87.72000122070312,89.72000122070312,87.05999755859375,0.36886899730623657,88.27999877929688,1311200,2020-07-28,0.021375748866089936
2020-07-29,89.22000122070312,90.87000274658203,87.27999877929688,0.38019713652215004,90.12999725341797,1968200,2020-07-29,0.02345409071482974
2020-07-30,89.79000091552734,94.06999969482422,89.79000091552734,0.39630150734612424,92.76000213623047,2349400,2020-07-30,0.0871853308443837
2020-07-31,94.78800201416016,95.0,91.19999694824219,0.40303715390283623,93.86000061035156,2429600,2020-07-31,0.11384089614561066
2020-08-03,95.81999969482422,96.66999816894531,93.66999816894531,0.4141203545708555,95.66999816894531,4630000,2020-08-03,0.15770141891288664
2020-08-04,95.76000213623047,96.1500015258789,92.12999725341797,0.405241554116633,94.22000122070312,2848100,2020-08-04,0.12256456259012542
2020-08-05,94.30999755859375,95.36000061035156,91.69999694824219,0.405853877127743,94.31999969482422,2899900,2020-08-05,0.12498776218509544
2020-08-06,92.72000122070312,93.37000274658203,87.31500244140625,0.3794623675957186,90.01000213623047,8160600,2020-08-06,0.02054632515217708
2020-08-07,82.5999984741211,83.75,74.11000061035156,0.28926579121341,75.27999877929688,18906500,2020-08-07,0.3363965030474303
2020-08-10,77.61000061035156,78.95999908447266,72.5999984741211,0.29590959165431807,76.36499786376953,7820100,2020-08-10,0.31010440844153486
2020-08-11,75.30999755859375,78.76000213623047,75.0,0.2917151299751011,75.68000030517578,6876400,2020-08-11,0.3267035197892718
2020-08-12,76.0,78.6500015258789,75.91000366210938,0.2974098227412011,76.61000061035156,3849200,2020-08-12,0.3041674122873217
2020-08-13,77.83999633789062,84.56999969482422,76.91999816894531,0.33298631759162844,82.41999816894531,10101700,2020-08-13,0.16337742669501792
2020-08-14,83.0,84.2699966430664,79.81999969482422,0.32576079393912805,81.23999786376953,2984700,2020-08-14,0.19197162562353226
2020-08-17,81.61000061035156,83.75,81.16000366210938,0.3392933333688384,83.44999694824219,3218800,2020-08-17,0.1384181195980978
2020-08-18,83.08999633789062,83.88999938964844,81.60399627685547,0.3393545796851247,83.45999908447266,3403900,2020-08-18,0.1381757441751173
2020-08-19,83.05000305175781,83.55999755859375,81.43000030517578,0.3332925024558091,82.47000122070312,2405900,2020-08-19,0.16216573445839372
2020-08-20,82.26000213623047,86.5999984741211,82.0,0.35356068844223143,85.77999877929688,3341500,2020-08-20,0.0819566631317323
2020-08-21,85.5199966430664,86.69999694824219,84.66000366210938,0.3556426427407068,86.12000274658203,2487200,2020-08-21,0.07371756265490018
2020-08-24,87.01000213623047,87.26000213623047,82.05999755859375,0.3447430875870441,84.33999633789062,2702000,2020-08-24,0.1168513289097914
2020-08-25,83.66999816894531,84.75,82.16999816894531,0.34125279503474104,83.7699966430664,2164300,2020-08-25,0.13066376996722673
2020-08-26,85.7699966430664,89.47000122070312,85.10099792480469,0.3566223502150324,86.27999877929688,4652800,2020-08-26,0.06984048027860383
2020-08-27,86.27999877929688,86.46800231933594,82.02999877929688,0.33984445678091324,83.54000091552734,3295800,2020-08-27,0.13623711054782991
2020-08-28,82.74099731445312,86.25,81.52999877929688,0.33641541054489643,82.9800033569336,4283600,2020-08-28,0.14980717618228473
2020-08-31,83.48999786376953,83.72000122070312,81.55999755859375,0.3399057030971996,83.55000305175781,4829100,2020-08-31,0.1359947351248494
2020-09-01,83.98999786376953,87.48999786376953,82.5,0.3534994421259451,85.7699966430664,4390400,2020-09-01,0.08219903855471283
2020-09-02,87.91000366210938,88.0,81.77999877929688,0.3438246264290048,84.19000244140625,3767500,2020-09-02,0.12048603586310723
2020-09-03,81.5,81.77999877929688,76.27999877929688,0.31878020883452185,80.0999984741211,7202800,2020-09-03,0.21959650773840292
2020-09-04,78.5,80.45999908447266,75.55000305175781,0.3155348548301129,79.56999969482422,4660000,2020-09-04,0.23243963198219456
2020-09-08,77.0,81.45999908447266,75.7509994506836,0.3180454399080903,79.9800033569336,3848700,2020-09-08,0.22250427330105557
2020-09-09,81.52999877929688,83.37000274658203,79.51000213623047,0.33029208699929435,81.9800033569336,3190800,2020-09-09,0.17403954188854168
2020-09-10,82.19999694824219,84.55000305175781,80.29000091552734,0.322270501386825,80.66999816894531,2952100,2020-09-10,0.20578406668096758
2020-09-11,81.5,83.29900360107422,78.61000061035156,0.3203722860372087,80.36000061035156,4335400,2020-09-11,0.21329604088885815
2020-09-14,81.44000244140625,84.8499984741211,80.33599853515625,0.34504927245122474,84.38999938964844,4202100,2020-09-14,0.11563963667316719
2020-09-15,85.05999755859375,89.43000030517578,85.02999877929688,0.3704610745089234,88.54000091552734,5935500,2020-09-15,0.015075282016545177
2020-09-16,88.19999694824219,92.75,88.177001953125,0.37560464386294856,89.37999725341797,5166100,2020-09-16,0.005279816435137029
2020-09-17,85.55999755859375,88.29000091552734,85.48999786376953,0.36256198152902663,87.25,3831700,2020-09-17,0.04633505596301005
2020-09-18,88.44000244140625,88.73999786376953,84.51000213623047,0.35300961174740786,85.69000244140625,14273100,2020-09-18,0.0841374873037218
2020-09-21,84.38999938964844,88.69999694824219,80.2699966430664,0.36801173574723234,88.13999938964844,5630500,2020-09-21,0.024768265274703636
2020-09-22,88.33000183105469,93.5,85.80999755859375,0.4002816769942158,93.41000366210938,6512600,2020-09-22,0.10293640552910639
2020-09-23,91.9800033569336,94.9000015258789,90.66000366210938,0.38613676783614426,91.0999984741211,4138200,2020-09-23,0.046959515030423525
2020-09-24,88.79000091552734,90.7300033569336,87.27999877929688,0.3694201207183113,88.37000274658203,1999300,2020-09-24,0.01919473981582204
2020-09-25,89.0,90.88999938964844,87.62000274658203,0.3833812909275238,90.6500015258789,1624400,2020-09-25,0.03605502441391926
2020-09-28,91.86000061035156,95.31999969482422,91.19999694824219,0.3931785992570368,92.25,3286200,2020-09-28,0.07482677256827469
2020-09-29,92.05999755859375,93.54000091552734,90.38999938964844,0.3850345677292458,90.91999816894531,2264400,2020-09-29,0.042597681808166137
2020-09-30,90.91999816894531,107.98999786376953,89.43000030517578,0.45386075801823356,102.16000366210938,28819000,2020-09-30,0.31496960545885466
2020-10-01,101.43000030517578,105.5,98.62999725341797,0.46212723546134615,103.51000213623047,11446200,2020-10-01,0.3476832621866459
2020-10-02,101.30999755859375,108.2030029296875,100.91999816894531,0.46200474282877346,103.48999786376953,8513800,2020-10-02,0.34719851134068486
2020-10-05,104.75,108.0999984741211,103.70999908447266,0.48282405222727065,106.88999938964844,4459200,2020-10-05,0.42958859171761415
2020-10-06,106.88999938964844,109.5999984741211,102.13999938964844,0.4646377738220724,103.91999816894531,4510000,2020-10-06,0.3576184359895065
2020-10-07,105.43000030517578,109.22000122070312,104.4000015258789,0.4677606819111597,104.43000030517578,4579800,2020-10-07,0.3699769942656155
2020-10-08,105.26000213623047,105.94999694824219,101.80999755859375,0.45692241979103465,102.66000366210938,2882600,2020-10-08,0.32708578831198315
2020-10-09,104.6500015258789,114.55000305175781,103.5199966430664,0.5128283469441708,111.79000091552734,10875200,2020-10-09,0.5483272206539289
2020-10-12,112.25,113.63800048828125,108.83000183105469,0.515338885304897,112.19999694824219,4617500,2020-10-12,0.5582623944567895
2020-10-13,112.6500015258789,118.12999725341797,112.05000305175781,0.5439348417679695,116.87000274658203,4756600,2020-10-13,0.671427682812501
2020-10-14,117.55000305175781,117.80000305175781,112.30000305175781,0.5236054094652608,113.55000305175781,2894700,2020-10-14,0.5909762360628591
2020-10-15,107.19999694824219,114.08999633789062,104.55000305175781,0.5220133322625738,113.29000091552734,3781500,2020-10-15,0.5846757692133143
2020-10-16,114.83999633789062,116.37000274658203,111.73999786376953,0.5163186394964739,112.36000061035156,2164400,2020-10-16,0.5621396617113642
2020-10-19,112.25,113.75,110.4000015258789,0.512032331701453,111.66000366210938,2858500,2020-10-19,0.5451770796682956
2020-10-20,112.30999755859375,112.47000122070312,107.73999786376953,0.49323368356789354,108.58999633789062,2585800,2020-10-20,0.4707835394669396
2020-10-21,110.0,110.19999694824219,100.04000091552734,0.45392195761726883,102.16999816894531,6148600,2020-10-21,0.3152117960035568
2020-10-22,102.87000274658203,103.79000091552734,98.56999969482422,0.4341436487266348,98.94000244140625,2970300,2020-10-22,0.23694135830418278
2020-10-23,99.61000061035156,102.88999938964844,97.3499984741211,0.45337088092244515,102.08000183105469,2949500,2020-10-23,0.3130309718315673
2020-10-26,100.6500015258789,104.52999877929688,96.11000061035156,0.43916477216533845,99.76000213623047,3296100,2020-10-26,0.25681189078818234
2020-10-27,101.25,103.92400360107422,100.53099822998047,0.4487783882632437,101.33000183105469,1588900,2020-10-27,0.2948566975518746
2020-10-28,99.25,99.69999694824219,96.5999984741211,0.42244807833025444,97.02999877929688,2230900,2020-10-28,0.19065745106365836
2020-10-29,97.98999786376953,98.19000244140625,95.12999725341797,0.4186516476310219,96.41000366210938,2424700,2020-10-29,0.17563350264787722
2020-10-30,94.86000061035156,95.44999694824219,90.54000091552734,0.38399361393863374,90.75,3733800,2020-10-30,0.03847822400888927
2020-11-02,91.77999877929688,91.79000091552734,86.66000366210938,0.3691751821704171,88.33000183105469,4567200,2020-11-02,0.02016405662946573
2020-11-03,88.52999877929688,90.7699966430664,86.5,0.3802583828384364,90.13999938964844,2521600,2020-11-03,0.023696466137810263
2020-11-04,95.76000213623047,99.98999786376953,95.25599670410156,0.4260608635151302,97.62000274658203,3660500,2020-11-04,0.20495464296705473
2020-11-05,102.25700378417969,103.94999694824219,99.6500015258789,0.4525748189624762,101.94999694824219,2745800,2020-11-05,0.30988064596765574
2020-11-06,102.0,102.58000183105469,98.87999725341797,0.4427775106329631,100.3499984741211,2529600,2020-11-06,0.2711088978133003
2020-11-09,98.76000213623047,101.0,93.05000305175781,0.40934416968004617,94.88999938964844,3434000,2020-11-09,0.13880020324253076
2020-11-10,94.70999908447266,96.25,88.58999633789062,0.3953217531545473,92.5999984741211,6383800,2020-11-10,0.08330806358980895
2020-11-11,85.1500015258789,87.12999725341797,79.76000213623047,0.35999019685201405,86.83000183105469,25348600,2020-11-11,0.05651260518885115
2020-11-12,88.08000183105469,90.30000305175781,87.08000183105469,0.3794623675957186,90.01000213623047,6622600,2020-11-12,0.02054632515217708
2020-11-13,87.88999938964844,89.16000366210938,83.88999938964844,0.35380562699012563,85.81999969482422,5762300,2020-11-13,0.08098734631808863
2020-11-16,83.41000366210938,87.41999816894531,82.37999725341797,0.35711222731082093,86.36000061035156,3006100,2020-11-16,0.06790184665131646
2020-11-17,87.3499984741211,88.91000366210938,85.52999877929688,0.3677055508830518,88.08999633789062,3885800,2020-11-17,0.025979957511327843
2020-11-18,88.0,89.94999694824219,85.73999786376953,0.3628681663932072,87.30000305175781,2574600,2020-11-18,0.04512336372638584
2020-11-19,87.1500015258789,91.94999694824219,87.12999725341797,0.3726042284064339,88.88999938964844,3996400,2020-11-19,0.0065939909950109244
2020-11-20,89.68000030517578,91.23999786376953,89.02999877929688,0.37382887442865387,89.08999633789062,2337800,2020-11-20,0.0017475918050708938
2020-11-23,89.77999877929688,91.63999938964844,88.30000305175781,0.38576938337292854,91.04000091552734,2162800,2020-11-23,0.0455056322490972
2020-11-24,90.31500244140625,90.83999633789062,87.30000305175781,0.3743799978407286,89.18000030517578,3067400,2020-11-24,0.0004334172451969989
2020-11-25,89.38999938964844,93.91999816894531,88.94999694824219,0.4008940000053257,93.51000213623047,3036900,2020-11-25,0.1053596051240764
2020-11-27,95.0,96.80000305175781,94.18000030517578,0.4187128472300571,96.41999816894531,1907700,2020-11-27,0.17587569319257937
2020-11-30,97.01000213623047,99.56500244140625,94.0999984741211,0.4340211560940621,98.91999816894531,4749900,2020-11-30,0.23645660745822172
2020-12-01,98.5999984741211,98.80000305175781,94.0199966430664,0.4141203545708555,95.66999816894531,3321300,2020-12-01,0.15770141891288664
2020-12-02,93.7699966430664,93.9000015258789,90.12999725341797,0.40083275368903937,93.5,3099700,2020-12-02,0.10511722970109588
2020-12-03,95.08999633789062,98.83999633789062,94.19000244140625,0.42446878631244334,97.36000061035156,2732300,2020-12-03,0.19865417611751
2020-12-04,97.75,102.4000015258789,97.66799926757812,0.4502479728333578,101.56999969482422,3780500,2020-12-04,0.3006724135554583
2020-12-07,101.9000015258789,102.63999938964844,98.2300033569336,0.43549078738142744,99.16000366210938,2605900,2020-12-07,0.24227250834008385
2020-12-08,99.38999938964844,100.18000030517578,96.2300033569336,0.43971584886016213,99.8499984741211,2346200,2020-12-08,0.25899271496017184
2020-12-09,100.0,100.75,94.75,0.413997908655534,95.6500015258789,2126200,2020-12-09,0.157216852945204
2020-12-10,94.51000213623047,103.7699966430664,93.91699981689453,0.4500030342854636,101.52999877929688,4715800,2020-12-10,0.2997030967418146
2020-12-11,99.56999969482422,100.95999908447266,96.36000061035156,0.4343885872745291,98.9800033569336,3823600,2020-12-11,0.23791067511782646
2020-12-14,100.0,103.43000030517578,99.62000274658203,0.45453428062837875,102.2699966430664,4326500,2020-12-14,0.3176349955985268
2020-12-15,103.08000183105469,105.62999725341797,99.9000015258789,0.44816606525213365,101.2300033569336,4433800,2020-12-15,0.2924334979569046
2020-12-16,101.53299713134766,105.0,101.30000305175781,0.46849549755484243,104.55000305175781,3897500,2020-12-16,0.37288494470654654
2020-12-17,105.52999877929688,109.8499984741211,105.12999725341797,0.4939072528952899,108.69999694824219,4687700,2020-12-17,0.47344911448489013
2020-12-18,109.23999786376953,109.61000061035156,107.02999877929688,0.48790642198226053,107.72000122070312,7520000,2020-12-18,0.4497014996245942
2020-12-21,105.97000122070312,107.1709976196289,103.33999633789062,0.4801910212339717,106.45999908447266,2702100,2020-12-21,0.4191686670687925
2020-12-22,107.95999908447266,111.08000183105469,106.8499984741211,0.5084195465165772,111.06999969482422,2940300,2020-12-22,0.5308798877648994
2020-12-23,110.70999908447266,111.48999786376953,107.4000015258789,0.4861918988642522,107.44000244140625,1587200,2020-12-23,0.44291646680736685
2020-12-24,107.04000091552734,109.8499984741211,106.11100006103516,0.4790888211270733,106.27999877929688,785400,2020-12-24,0.41480683384653516
2020-12-28,107.2699966430664,107.9800033569336,99.69999694824219,0.4419814953902452,100.22000122070312,2673200,2020-12-28,0.2679587568276671
2020-12-29,100.77999877929688,100.94999694824219,97.44999694824219,0.4340211560940621,98.91999816894531,2267700,2020-12-29,0.23645660745822172
2020-12-30,99.97100067138672,101.43000030517578,98.5,0.43640924853946683,99.30999755859375,1732700,2020-12-30,0.24590721529339968
2020-12-31,98.5999984741211,99.33000183105469,96.5999984741211,0.4310819869538338,98.44000244140625,1743500,2020-12-31,0.2248251754510543
2021-01-04,98.69000244140625,98.83000183105469,90.80000305175781,0.3869328297961132,91.2300033569336,6408000,2021-01-04,0.0501098408943351
2021-01-05,92.0,93.36000061035156,89.83200073242188,0.39795478414784624,93.02999877929688,3072500,2021-01-05,0.09372798823863057
2021-01-06,91.25,93.97000122070312,90.25,0.38754515280722324,91.33000183105469,3538700,2021-01-06,0.05253304048930512
2021-01-07,92.0999984741211,96.6500015258789,92.0999984741211,0.4200599858848497,96.63999938964844,3316400,2021-01-07,0.18120684322848044
2021-01-08,97.55000305175781,100.25,97.5,0.4402669722722369,99.94000244140625,2565000,2021-01-08,0.2611737240104397
2021-01-11,101.75,107.73999786376953,99.7750015258789,0.4666584818042613,104.25,4316000,2021-01-11,0.36561516104335806
2021-01-12,104.27999877929688,107.48999786376953,104.0,0.47480251333205226,105.58000183105469,2466000,2021-01-12,0.39784425180346666
2021-01-13,105.0,105.81999969482422,102.05999755859375,0.4703324665881723,104.8499984741211,1746500,2021-01-13,0.38015454349145655
2021-01-14,105.41000366210938,106.20700073242188,101.16000366210938,0.4519012496350798,101.83999633789062,2129100,2021-01-14,0.3072150709497052
2021-01-15,102.30000305175781,104.80000305175781,99.47000122070312,0.4396546025438758,99.83999633789062,1459700,2021-01-15,0.2587503395371913
2021-01-19,100.9800033569336,101.08999633789062,97.22000122070312,0.4350621098846742,99.08999633789062,2070500,2021-01-19,0.24057606525749858
2021-01-20,101.3499984741211,105.55000305175781,100.5999984741211,0.46684217403586914,104.27999877929688,3553300,2021-01-20,0.36634210243402127
2021-01-21,105.09500122070312,105.37000274658203,101.76000213623047,0.4610862349534829,103.33999633789062,1896700,2021-01-21,0.34356361950909065
2021-01-22,102.80000305175781,109.62000274658203,102.30000305175781,0.47125097446346287,105.0,3371400,2021-01-22,0.3837894353230508
2021-01-25,106.36799621582031,112.29000091552734,104.05000305175781,0.4955605764142631,108.97000122070312,7332500,2021-01-25,0.4799919567574154
2021-01-26,109.37000274658203,109.68000030517578,102.4260025024414,0.4621884350603813,103.5199966430664,2567200,2021-01-26,0.347925452731348
2021-01-27,102.18499755859375,104.0999984741211,98.0,0.42838770964424855,98.0,4430500,2021-01-27,0.21416287537925216
2021-01-28,98.04000091552734,101.91000366210938,96.5,0.4406343567354526,100.0,3307800,2021-01-28,0.26262760679176606
2021-01-29,99.51000213623047,103.08999633789062,97.0,0.4574734964858582,102.75,3813200,2021-01-29,0.32926661248397265
2021-02-01,103.47000122070312,105.04000091552734,100.6500015258789,0.45159511148815046,101.79000091552734,3691900,2021-02-01,0.3060035635913594
2021-02-02,103.80999755859375,107.37999725341797,102.69499969482422,0.4774355443253512,106.01000213623047,3375100,2021-02-02,0.40826417645228824
2021-02-03,107.5,111.6520004272461,106.5270004272461,0.5050516998795955,110.5199966430664,3462200,2021-02-03,0.5175520126751466
2021-02-04,111.98999786376953,113.57099914550781,107.52999877929688,0.5136243621868887,111.91999816894531,2543700,2021-02-04,0.5514773616395621
2021-02-05,111.37999725341797,115.63999938964844,110.94300079345703,0.5318718869083733,114.9000015258789,3164700,2021-02-05,0.6236898927906502
2021-02-08,115.89199829101562,116.94000244140625,113.69999694824219,0.5411793181420979,116.41999816894531,2818400,2021-02-08,0.6605230073177183
2021-02-09,116.4800033569336,119.43299865722656,116.26499938964844,0.5499356726809989,117.8499984741211,2916600,2021-02-09,0.695175297672797
2021-02-10,118.51000213623047,119.02999877929688,111.76000213623047,0.5358520565564648,115.55000305175781,2103700,2021-02-10,0.6394409674753729
2021-02-11,116.58999633789062,117.91999816894531,114.7300033569336,0.5484048417945984,117.5999984741211,3777500,2021-02-11,0.6891172062462326
2021-02-12,111.75,113.58999633789062,108.01000213623047,0.5193803012692749,112.86000061035156,5238800,2021-02-12,0.5742558445644926
2021-02-16,111.43000030517578,114.0,105.62000274658203,0.4869266677906837,107.55999755859375,4087900,2021-02-16,0.4458242323700195
2021-02-17,103.5,105.33999633789062,100.5,0.45949420446804723,103.08000183105469,5525700,2021-02-17,0.3372633375378243
2021-02-18,103.05000305175781,106.86000061035156,101.62999725341797,0.4798236367707559,106.4000015258789,3528900,2021-02-18,0.4177147842874662
2021-02-19,107.08999633789062,107.55999755859375,104.05000305175781,0.4715571593276434,105.05000305175781,2987500,2021-02-19,0.385001127559675
2021-02-22,102.01000213623047,103.51000213623047,98.66999816894531,0.43879734098487155,99.69999694824219,3550100,2021-02-22,0.25535782312857763
2021-02-23,95.95999908447266,99.20999908447266,92.80999755859375,0.4324903252076616,98.66999816894531,4829900,2021-02-23,0.23039851603165748
2021-02-24,98.83999633789062,101.83999633789062,96.58999633789062,0.4367154334036474,99.36000061035156,3060700,2021-02-24,0.24711890753002388
2021-02-25,99.75,100.37000274658203,93.27999877929688,0.4100177390074424,95.0,2889000,2021-02-25,0.14146577826048132
2021-02-26,95.8499984741211,97.80999755859375,93.16000366210938,0.41252832408541984,95.41000366210938,3964400,2021-02-26,0.15140113694162027
2021-03-01,96.77999877929688,97.9000015258789,94.47000122070312,0.4259996171988438,97.61000061035156,2737200,2021-03-01,0.2047122675440742
2021-03-02,98.6050033569336,98.6500015258789,93.19000244140625,0.4008940000053257,93.51000213623047,3531700,2021-03-02,0.1053596051240764
2021-03-03,93.51000213623047,94.0,87.37000274658203,0.37940112127943226,90.0,5042700,2021-03-03,0.020303949729196562
2021-03-04,88.6760025024414,90.76000213623047,81.12999725341797,0.348784503551422,85.0,6348200,2021-03-04,0.10085787880208819
2021-03-05,85.27799987792969,85.6500015258789,78.08999633789062,0.3316391789368358,82.19999694824219,8264700,2021-03-05,0.168708576730919
2021-03-08,82.19000244140625,83.43000030517578,77.02999877929688,0.3029820228747283,77.5199966430664,5958600,2021-03-08,0.28211605563133263
2021-03-09,81.54000091552734,82.9800033569336,79.28299713134766,0.33041453291461587,82.0,5666600,2021-03-09,0.17355497592085903
2021-03-10,84.375,84.44999694824219,80.01000213623047,0.32245419361843286,80.69999694824219,3745900,2021-03-10,0.20505712529030443
2021-03-11,83.44000244140625,86.9800033569336,82.91000366210938,0.3563774116671382,86.23999786376953,3715300,2021-03-11,0.07080979709224752
2021-03-12,83.63899993896484,84.01000213623047,81.76000213623047,0.33653785646021794,83.0,3006700,2021-03-12,0.14932261021460208
2021-03-15,82.55000305175781,88.5999984741211,82.37000274658203,0.3647663817428235,87.61000061035156,3754300,2021-03-15,0.037611389518495277
2021-03-16,89.26000213623047,90.2300033569336,85.70999908447266,0.3571734736271073,86.37000274658203,2759700,2021-03-16,0.06765947122833595
2021-03-17,85.55000305175781,87.93000030517578,82.51000213623047,0.35821442741771936,86.54000091552734,3117300,2021-03-17,0.06354001342905907
2021-03-18,85.0,85.68000030517578,81.69000244140625,0.3297409635872196,81.88999938964844,4341800,2021-03-18,0.17622055093880956
2021-03-19,82.31999969482422,84.47000122070312,80.52999877929688,0.3428448722374279,84.02999877929688,4544200,2021-03-19,0.12436330311768197
2021-03-22,84.80999755859375,87.02999877929688,84.05000305175781,0.3498867036583204,85.18000030517578,3071400,2021-03-22,0.0964960455798308
2021-03-23,85.4800033569336,86.62999725341797,84.31999969482422,0.3498254573420341,85.16999816894531,2718900,2021-03-23,0.09673842100281131
2021-03-24,85.08000183105469,85.37000274658203,81.03500366210938,0.32588328657170074,81.26000213623047,2974800,2021-03-24,0.19148687477757123
2021-03-25,78.80000305175781,81.29000091552734,77.19000244140625,0.3075133159348946,78.26000213623047,5460400,2021-03-25,0.2641839718963421
2021-03-26,78.87000274658203,83.44000244140625,78.06999969482422,0.3199436552577066,80.29000091552734,5772300,2021-03-26,0.214992299093165
2021-03-29,79.7300033569336,80.68000030517578,75.62999725341797,0.3000428537345,77.04000091552734,4367400,2021-03-29,0.29374748763850006
2021-03-30,76.31999969482422,77.58000183105469,74.52999877929688,0.3020635617166889,77.37000274658203,2731700,2021-03-30,0.2857507625846485
2021-03-31,79.37999725341797,85.13999938964844,77.70999908447266,0.3386197640414421,83.33999633789062,5213900,2021-03-31,0.14108369461604836
2021-04-01,86.94999694824219,88.1500015258789,85.5999984741211,0.3622557966648461,87.19999694824219,4982000,2021-04-01,0.04754674819963425
2021-04-05,87.83999633789062,88.0,81.69999694824219,0.3380074410303321,83.23999786376953,4233600,2021-04-05,0.14350689421101837
2021-04-06,83.30000305175781,89.98999786376953,82.91999816894531,0.3726042284064339,88.88999938964844,4486200,2021-04-06,0.0065939909950109244
2021-04-07,88.87000274658203,88.87999725341797,85.2699966430664,0.3585818118809351,86.5999984741211,1975400,2021-04-07,0.062086130647732746
2021-04-08,87.55000305175781,90.08999633789062,87.29000091552734,0.36911393585413077,88.31999969482422,2101300,2021-04-08,0.020406432052446247
2021-04-09,87.4000015258789,89.5,85.7300033569336,0.37205315171161024,88.80000305175781,1781500,2021-04-09,0.008774815167000419
2021-04-12,87.7300033569336,90.9000015258789,87.0,0.38221784450433904,90.45999908447266,2822500,2021-04-12,0.03145081576868135
2021-04-13,91.0999984741211,95.5199966430664,90.54000091552734,0.40518030780034664,94.20999908447266,6156400,2021-04-13,0.12232218716714491
2021-04-14,94.88999938964844,96.13999938964844,93.0,0.3993019228026389,93.25,2143200,2021-04-14,0.09905913827453164
2021-04-15,94.04000091552734,96.3499984741211,93.93000030517578,0.41167101580916443,95.2699966430664,2060500,2021-04-15,0.14800843565472818
2021-04-16,94.54900360107422,94.62999725341797,89.27999877929688,0.3814830288606563,90.33999633789062,3276700,2021-04-16,0.028542865327750293
2021-04-19,90.01000213623047,91.7699966430664,86.9000015258789,0.36648090486083185,87.88999938964844,2441800,2021-04-19,0.030826356701267873
2021-04-20,88.4000015258789,88.4000015258789,83.56999969482422,0.3424162414579258,83.95999908447266,3078000,2021-04-20,0.1260595613219888
2021-04-21,83.95999908447266,85.98999786376953,82.68000030517578,0.34743736489662935,84.77999877929688,2508200,2021-04-21,0.10618902883798925
2021-04-22,85.6500015258789,87.94000244140625,84.62000274658203,0.3476210571282373,84.80999755859375,2345300,2021-04-22,0.10546208744732609
2021-04-23,86.33000183105469,89.76000213623047,85.18000030517578,0.37676809028613334,89.56999969482422,2641800,2021-04-23,0.009884025080374937
2021-04-26,89.4000015258789,93.16000366210938,89.11000061035156,0.3986283534752425,93.13999938964844,2193900,2021-04-26,0.0963935632565811
2021-04-27,92.7300033569336,93.98999786376953,91.95999908447266,0.4026697694396204,93.80000305175781,2281000,2021-04-27,0.11238701336428433
2021-04-28,93.13999938964844,93.73999786376953,91.44000244140625,0.38895349106105104,91.55999755859375,1277400,2021-04-28,0.058106381069908314
2021-04-29,91.94000244140625,92.19999694824219,87.37000274658203,0.37229804354225327,88.83999633789062,2451000,2021-04-29,0.007805683231635131
2021-04-30,86.37999725341797,88.59500122070312,85.72000122070312,0.3534994421259451,85.7699966430664,2587800,2021-04-30,0.08219903855471283
2021-05-03,86.33000183105469,86.33000183105469,79.91999816894531,0.3192088396140239,80.16999816894531,4616100,2021-05-03,0.21790024953409606
2021-05-04,79.03500366210938,79.91000366210938,76.12000274658203,0.30506397717320355,77.86000061035156,3246000,2021-05-04,0.2738769551545005
2021-05-05,78.91000366210938,79.38999938964844,76.11299896240234,0.29820583798391886,76.73999786376953,1848100,2021-05-05,0.30101727130168854
2021-05-06,75.68000030517578,75.68000030517578,69.7300033569336,0.2652623741267903,71.36000061035156,6749300,2021-05-06,0.4313873322451707
2021-05-07,79.33999633789062,79.77999877929688,75.8499984741211,0.3015736846209005,77.29000091552734,6992000,2021-05-07,0.28768939621193584
2021-05-10,76.5,77.45500183105469,74.3740005493164,0.2989406536276016,76.86000061035156,3524100,2021-05-10,0.2981093208607575
2021-05-11,73.13999938964844,79.0999984741211,73.04000091552734,0.3097177161486915,78.62000274658203,4305600,2021-05-11,0.2554603054518273
2021-05-12,77.66999816894531,77.94000244140625,75.29000091552734,0.2988181609950289,76.83999633789062,2863700,2021-05-12,0.29859407170671853
2021-05-13,77.97000122070312,80.43000030517578,76.1500015258789,0.3021860076320104,77.38999938964844,4129600,2021-05-13,0.28526619661696584
2021-05-14,78.13999938964844,82.81999969482422,76.80000305175781,0.3335374410037033,82.51000213623047,4467100,2021-05-14,0.16119641764475004
2021-05-17,80.08000183105469,82.66000366210938,78.50800323486328,0.32447490160062176,81.02999877929688,5421900,2021-05-17,0.19706040023645283
2021-05-18,81.70600128173828,84.08000183105469,80.88999938964844,0.3372114257876143,83.11000061035156,4149300,2021-05-18,0.14665703519665155
2021-05-19,81.30000305175781,85.45999908447266,80.0199966430664,0.340640472023631,83.66999816894531,4236000,2021-05-19,0.13308696956219673
2021-05-20,84.75,88.72000122070312,84.28500366210938,0.3678892898319108,88.12000274658203,4048000,2021-05-20,0.025252831242386278
2021-05-21,90.20999908447266,90.88999938964844,87.55000305175781,0.37297161286964964,88.94999694824219,3787500,2021-05-21,0.005140108213684594
2021-05-24,89.5,90.7300033569336,88.70999908447266,0.3779315367093181,89.76000213623047,2728900,2021-05-24,0.014488233725612846
2021-05-25,89.9000015258789,90.63600158691406,88.41000366210938,0.3768293366024197,89.58000183105469,2072600,2021-05-25,0.010126400503355459
2021-05-26,90.6500015258789,93.94000244140625,90.29000091552734,0.38815747581833315,91.43000030517578,2308600,2021-05-26,0.05495624008427513
2021-05-27,90.13999938964844,92.3499984741211,88.20999908447266,0.3935459837202526,92.30999755859375,3994100,2021-05-27,0.07628065534960103
2021-05-28,93.2699966430664,94.38999938964844,91.04000091552734,0.3858306296892149,91.05000305175781,1654500,2021-05-28,0.04574800767207772
2021-06-01,91.3499984741211,92.44999694824219,89.9000015258789,0.3909129527269537,91.87999725341797,2017800,2021-06-01,0.0658607307007794
2021-06-02,91.5,92.29000091552734,90.66000366210938,0.38919842960894524,91.5999984741211,1448100,2021-06-02,0.059075697883552
2021-06-03,91.19000244140625,91.44999694824219,88.0199966430664,0.371379582384214,88.69000244140625,2284400,2021-06-03,0.011440390184950954
2021-06-04,88.9800033569336,90.98999786376953,87.75,0.36990995109684865,88.44999694824219,1684200,2021-06-04,0.01725629106681307
2021-06-07,87.81999969482422,91.45999908447266,87.0999984741211,0.38319759869591596,90.62000274658203,1735300,2021-06-07,0.035328083023256095
2021-06-08,91.48999786376953,93.15499877929688,91.23999786376953,0.3945869842281158,92.4800033569336,1692300,2021-06-08,0.08040029802715629
2021-06-09,92.44000244140625,93.47599792480469,91.16999816894531,0.38993324525262796,91.72000122070312,1606200,2021-06-09,0.061983648324483054
2021-06-10,91.55999755859375,95.5,91.27999877929688,0.40695607723464144,94.5,4218100,2021-06-10,0.12934959540735283
2021-06-11,94.91000366210938,95.80000305175781,93.54000091552734,0.4129569548649219,95.4800033569336,2650000,2021-06-11,0.15309739514592713
2021-06-14,96.0,97.88999938964844,95.5999984741211,0.4237952169850471,97.25,2577900,2021-06-14,0.19598860109955943
2021-06-15,96.91999816894531,97.44000244140625,95.69999694824219,0.41975380102066917,96.58999633789062,1887800,2021-06-15,0.17999515099185623
2021-06-16,96.5999984741211,99.87999725341797,96.05999755859375,0.4307145557733669,98.37999725341797,3614100,2021-06-16,0.22337110779144956
2021-06-17,97.26000213623047,102.55999755859375,97.0999984741211,0.45135017294025626,101.75,4231200,2021-06-17,0.30503424677771573
2021-06-18,102.5199966430664,104.20999908447266,101.5,0.46059640457494566,103.26000213623047,4717200,2021-06-18,0.34162517076008164
2021-06-21,101.75,103.33999633789062,99.55000305175781,0.45502415772416716,102.3499984741211,2691900,2021-06-21,0.3195736292258142
2021-06-22,102.62999725341797,105.25,102.2699966430664,0.4684342512385561,104.54000091552734,2355300,2021-06-22,0.372642569283566
2021-06-23,104.73999786376953,106.54000091552734,104.44000244140625,0.4806196520134738,106.52999877929688,2399200,2021-06-23,0.4208649252730994
2021-06-24,106.91000366210938,107.25,105.27999877929688,0.4800685753186501,106.44000244140625,2861900,2021-06-24,0.4186841011011099
2021-06-25,106.69999694824219,107.13999938964844,104.4000015258789,0.47774168247228066,106.05999755859375,5560700,2021-06-25,0.4094756838106341
2021-06-28,106.0,107.19000244140625,105.45999908447266,0.4800685753186501,106.44000244140625,1452700,2021-06-28,0.4186841011011099
2021-06-29,106.5,107.4000015258789,105.30000305175781,0.48472226757688686,107.19999694824219,1487400,2021-06-29,0.4371005659255047
2021-06-30,106.58000183105469,106.73999786376953,103.73999786376953,0.4656175280136492,104.08000183105469,1769800,2021-06-30,0.3614957032440812
2021-07-01,103.51000213623047,105.5199966430664,102.51000213623047,0.46861794347016394,104.56999969482422,1797000,2021-07-01,0.3733695106742292
2021-07-02,105.31999969482422,107.19999694824219,104.9800033569336,0.48025226755025807,106.47000122070312,1423700,2021-07-02,0.4194110424917731
2021-07-06,106.66000366210938,109.80000305175781,106.58000183105469,0.4937848069799684,108.68000030517578,2186000,2021-07-06,0.4729645485172075
2021-07-07,109.5199966430664,110.23999786376953,106.08999633789062,0.48539583690428323,107.30999755859375,1422900,2021-07-07,0.43976614094345523
2021-07-08,105.87000274658203,107.72000122070312,103.95999908447266,0.48410994456577694,107.0999984741211,1718400,2021-07-08,0.4346773663305347
2021-07-09,107.0,108.29000091552734,105.9000015258789,0.4903557607439516,108.12000274658203,1329900,2021-07-09,0.4593944828827527
2021-07-12,109.2300033569336,109.9000015258789,106.54000091552734,0.48815136053015484,107.76000213623047,1533100,2021-07-12,0.4506708164382379
2021-07-13,107.63999938964844,108.77999877929688,105.69000244140625,0.4809870364766895,106.58999633789062,1084500,2021-07-13,0.42231880805442573
2021-07-14,107.16000366210938,107.66999816894531,104.36000061035156,0.46923026648127386,104.66999816894531,1262100,2021-07-14,0.3757927102691992
2021-07-15,104.55000305175781,105.91999816894531,102.3499984741211,0.4619435432297383,103.4800033569336,1553000,2021-07-15,0.3469563207959827
2021-07-16,104.62000274658203,105.55899810791016,103.36000061035156,0.469046574249666,104.63999938964844,890700,2021-07-16,0.37506576887853604
2021-07-19,102.51000213623047,105.27999877929688,101.37999725341797,0.4702100206728508,104.83000183105469,1687500,2021-07-19,0.3796699775237739
2021-07-20,105.66999816894531,108.88999938964844,103.43000030517578,0.4866817292427895,107.5199966430664,1392100,2021-07-20,0.4448549155563758
2021-07-21,107.58000183105469,108.7699966430664,106.0,0.4920090375456737,108.38999938964844,1088500,2021-07-21,0.46593714027699956
2021-07-22,109.23999786376953,112.37999725341797,109.0199966430664,0.503092238213693,110.19999694824219,1951400,2021-07-22,0.5097976630442755
2021-07-23,110.3499984741211,112.52999877929688,109.91000366210938,0.5093993007081541,111.2300033569336,2525300,2021-07-23,0.5347571550194741
2021-07-26,110.6500015258789,110.78299713134766,108.30000305175781,0.5005816998529667,109.79000091552734,1343200,2021-07-26,0.49986248924141496
2021-07-27,109.98999786376953,110.91000366210938,106.56999969482422,0.49954074606235466,109.62000274658203,1356900,2021-07-27,0.4957430314421381
2021-07-28,110.08999633789062,112.69000244140625,109.5,0.5107463926456955,111.44999694824219,1716800,2021-07-28,0.5400881201770967
2021-07-29,111.05999755859375,112.91999816894531,111.0,0.5093993007081541,111.2300033569336,789800,2021-07-29,0.5347571550194741
2021-07-30,110.5199966430664,114.19999694824219,110.36799621582031,0.506153899986494,110.69999694824219,1808100,2021-07-30,0.5219138458974041
2021-08-02,110.8499984741211,113.19999694824219,109.11000061035156,0.511848592752594,111.62999725341797,1819800,2021-08-02,0.5444499533993541
2021-08-03,111.62999725341797,114.91999816894531,111.18000030517578,0.5305247482535806,114.68000030517578,2383600,2021-08-03,0.6183587427547492
2021-08-04,114.86000061035156,116.38999938964844,113.0999984741211,0.5320555791399811,114.93000030517578,2689700,2021-08-04,0.6244168341813134
2021-08-05,131.63999938964844,135.3800048828125,126.33000183105469,0.6394586797359111,132.47000122070312,11690300,2021-08-05,1.0494525508544537
2021-08-06,129.82000732421875,133.0,128.1199951171875,0.6360908330989294,131.9199981689453,4016800,2021-08-06,1.0361246757647011
2021-08-09,128.67999267578125,130.55999755859375,124.49400329589844,0.6243340631035138,130.0,4707300,2021-08-09,0.9895985779794745
2021-08-10,130.2100067138672,130.2100067138672,124.9000015258789,0.5955544611260847,125.30000305175781,4207700,2021-08-10,0.8757065331113782
2021-08-11,125.1050033569336,128.74000549316406,122.2300033569336,0.6133733550680672,128.2100067138672,3538700,2021-08-11,0.9462228060581596
2021-08-12,127.4000015258789,131.1300048828125,126.91000366210938,0.6260485862215223,130.27999877929688,4324000,2021-08-12,0.9963836107967019
2021-08-13,131.0500030517578,137.5,130.61000061035156,0.6579511430052899,135.49000549316406,5583600,2021-08-13,1.1226343988191856
2021-08-16,135.50999450683594,136.22000122070312,129.2899932861328,0.6458881881456937,133.52000427246094,2893900,2021-08-16,1.0748966087973348
2021-08-17,132.625,134.19000244140625,131.03500366210938,0.6427040337403199,133.0,1622800,2021-08-17,1.0622956750982453
2021-08-18,133.0,134.52000427246094,131.1300048828125,0.6407445253571662,132.67999267578125,1844900,2021-08-18,1.0545411405890959
2021-08-19,131.3000030517578,137.11000061035156,129.6840057373047,0.6391524948717305,132.4199981689453,3016400,2021-08-19,1.0482408586178296
2021-08-20,131.7100067138672,132.8699951171875,129.0399932861328,0.6313758478071553,131.14999389648438,2779400,2021-08-20,1.0174656506390474
2021-08-23,131.07000732421875,132.8000030517578,129.83999633789062,0.6396423719675189,132.5,2664000,2021-08-23,1.0501794922451169
2021-08-24,133.6999969482422,137.66000366210938,133.22999572753906,0.6578898499717524,135.47999572753906,2445500,2021-08-24,1.1223918385179268
2021-08-25,135.4499969482422,136.77999877929688,134.2949981689453,0.6588084045642941,135.6300048828125,2118300,2021-08-25,1.1260269152277993
2021-08-26,135.08999633789062,139.17300415039062,131.22999572753906,0.6322944023996969,131.3000030517578,4116600,2021-08-26,1.0211007273489199
2021-08-27,131.86500549316406,136.64999389648438,131.60000610351562,0.6539709266399472,134.83999633789062,2071500,2021-08-27,1.1068831392561844
2021-08-30,135.61000061035156,138.47000122070312,134.2100067138672,0.6649317281098961,136.6300048828125,2020100,2021-08-30,1.1502592809340562
2021-08-31,136.99000549316406,138.1199951171875,134.72999572753906,0.6720960054461103,137.8000030517578,2120000,2021-08-31,1.1786111044395902
2021-09-01,138.0800018310547,139.67999267578125,135.7100067138672,0.6596656661232982,135.77000427246094,2945000,2021-09-01,1.129419431636413
2021-09-02,136.6300048828125,137.35499572753906,135.18099975585938,0.6677484046175517,137.08999633789062,2009300,2021-09-02,1.1614059620952626
2021-09-03,137.22000122070312,139.52999877929688,136.4199981689453,0.6736880359315459,138.05999755859375,1936400,2021-09-03,1.1849113864108565
2021-09-07,138.17999267578125,138.83399963378906,135.75999450683594,0.669401728136525,137.36000061035156,2532000,2021-09-07,1.167948804367788
2021-09-08,136.02999877929688,141.13999938964844,133.02999877929688,0.6829343142834865,139.57000732421875,4792400,2021-09-08,1.2215024952715008
2021-09-09,140.0,143.1199951171875,139.14999389648438,0.6910782523767751,140.89999389648438,3502500,2021-09-09,1.2537312162750525
2021-09-10,141.74000549316406,142.7899932861328,136.8699951171875,0.6681157890807675,137.14999389648438,2653100,2021-09-10,1.162859844876589
2021-09-13,137.27999877929688,138.22000122070312,131.38999938964844,0.6563590190853519,135.22999572753906,3218300,2021-09-13,1.1163337470913623
2021-09-14,135.72000122070312,138.5709991455078,134.5,0.6740554203947616,138.1199951171875,2423700,2021-09-14,1.1863652691921827
2021-09-15,137.49000549316406,139.2100067138672,136.87100219726562,0.6801175443413285,139.11000061035156,1775800,2021-09-15,1.2103554443537377
2021-09-16,139.19000244140625,144.6300048828125,138.8699951171875,0.7109178543009466,144.13999938964844,2799100,2021-09-16,1.3322442142756854
2021-09-17,144.92999267578125,145.86000061035156,141.91000366210938,0.7047333311563094,143.1300048828125,3391100,2021-09-17,1.3077696580247264
2021-09-20,138.60000610351562,143.33999633789062,137.58999633789062,0.6993447765371388,142.25,2447000,2021-09-20,1.2864450578811222
2021-09-21,143.32000732421875,146.2519989013672,142.11000061035156,0.718510809133914,145.3800048828125,3325300,2021-09-21,1.3622924808638046
2021-09-22,145.8300018310547,149.57000732421875,145.4600067138672,0.7387789951203363,148.69000244140625,2894700,2021-09-22,1.442501552190466
2021-09-23,150.6699981689453,150.6699981689453,146.36000061035156,0.7314922251515495,147.5,2253400,2021-09-23,1.4136649778389712
2021-09-24,146.3000030517578,147.94000244140625,143.58999633789062,0.7303900717619023,147.32000732421875,1792900,2021-09-24,1.4093033294949922
2021-09-27,145.57000732421875,145.97999572753906,139.92999267578125,0.6978139456507383,142.0,2687100,2021-09-27,1.280386966454558
2021-09-28,138.86000061035156,139.88699340820312,135.38999938964844,0.669646619967168,137.39999389648438,3040700,2021-09-28,1.1689179363031532
2021-09-29,138.82000732421875,140.47000122070312,136.5500030517578,0.6741779130273343,138.13999938964844,1812500,2021-09-29,1.1868500200381438
2021-09-30,138.97999572753906,142.72999572753906,138.82000732421875,0.6938338227198979,141.35000610351562,2229700,2021-09-30,1.2646360766481135
2021-10-01,142.02000427246094,145.3000030517578,140.88499450683594,0.7142857009379282,144.69000244140625,2802700,2021-10-01,1.3455720893654382
2021-10-04,143.58999633789062,143.58999633789062,134.6300048828125,0.6678096976510892,137.10000610351562,2695800,2021-10-04,1.1616485223965216
2021-10-05,137.22999572753906,142.56500244140625,137.1999969482422,0.697140376323342,141.88999938964844,1643600,2021-10-05,1.2777213914366075
2021-10-06,140.8699951171875,146.14599609375,140.21299743652344,0.7058354845459566,143.30999755859375,2147400,2021-10-06,1.3121313063687055
2021-10-07,143.55999755859375,146.0500030517578,142.07000732421875,0.6984263153790995,142.10000610351562,1911800,2021-10-07,1.2828103509278064
2021-10-08,143.17999267578125,143.91000366210938,140.10000610351562,0.687526806942688,140.32000732421875,1360800,2021-10-08,1.2396767695511934
2021-10-11,139.0050048828125,144.17999267578125,138.38999938964844,0.6975690538200953,141.9600067138672,1282400,2021-10-11,1.2794178345191927
2021-10-12,143.99000549316406,147.25,141.5500030517578,0.7197966547551691,145.58999633789062,2046800,2021-10-12,1.3673810705984468
2021-10-13,146.86000061035156,156.8000030517578,146.36000061035156,0.7828669059617706,155.88999938964844,5675100,2021-10-13,1.6169745113242047
2021-10-14,157.5,159.9239959716797,152.64999389648438,0.7673749048661576,153.36000061035156,3926500,2021-10-14,1.555666655667899
2021-10-15,153.72000122070312,156.16000366210938,151.24000549316406,0.7742329973381912,154.47999572753906,2062200,2021-10-15,1.5828067869368088
2021-10-18,154.9499969482422,159.125,154.5,0.7922355835117815,157.4199981689453,1727700,2021-10-18,1.6540500012742532
2021-10-19,158.0,160.44000244140625,156.00999450683594,0.7954197379171553,157.94000244140625,3479800,2021-10-19,1.6666509349733427
2021-10-20,159.42999267578125,159.86000061035156,154.75,0.8009919847679337,158.85000610351562,2322400,2021-10-20,1.6887024765076102
2021-10-21,159.4499969482422,162.36000061035156,158.73500061035156,0.8136672159213887,160.9199981689453,1328000,2021-10-21,1.7388632812461526
2021-10-22,160.94000244140625,162.92999267578125,158.61000061035156,0.8226685090081838,162.38999938964844,1602000,2021-10-22,1.7744848884148747
2021-10-25,161.97999572753906,164.15499877929688,160.5800018310547,0.8177086318857666,161.5800018310547,2206400,2021-10-25,1.7548567313538557
2021-10-26,164.5800018310547,165.33999633789062,159.4199981689453,0.8317310016940141,163.8699951171875,1937000,2021-10-26,1.8103486861282991
2021-10-27,163.0,164.1699981689453,155.5,0.7902148755295926,157.08999633789062,3922800,2021-10-27,1.6460532762204017
2021-10-28,156.1750030517578,161.19000244140625,154.36000061035156,0.8141570930171771,161.0,1836400,2021-10-28,1.74080191487344
2021-10-29,161.9199981689453,168.72999572753906,161.3800048828125,0.85120321915497,167.0500030517578,2731500,2021-10-29,1.8874078013476059
2021-11-01,167.4600067138672,169.19000244140625,162.22000122070312,0.8398750332218051,165.1999969482422,2903900,2021-11-01,1.8425777768884077
2021-11-02,166.02999877929688,166.44000244140625,160.64999389648438,0.8379156182731536,164.8800048828125,1869600,2021-11-02,1.834823612135815
2021-11-03,164.5,164.97999572753906,161.5,0.8251178010526237,162.7899932861328,2002900,2021-11-03,1.784177686794755
2021-11-04,163.0,168.19000244140625,161.5500030517578,0.8505908494266087,166.9499969482422,3007800,2021-11-04,1.8849844168743575
2021-11-05,193.88999938964844,194.0,177.47999572753906,0.9642397194834623,185.50999450683594,8999900,2021-11-05,2.334737065221437
2021-11-08,186.28599548339844,194.35000610351562,184.8800048828125,0.9999999999999999,191.35000610351562,4420700,2021-11-08,2.476254361960961
2021-11-10,194.0,196.50999450683594,184.82000732421875,0.9843855062718142,188.8000030517578,3662200,2021-11-10,2.4144617554586945
2021-11-11,191.0500030517578,196.49000549316406,189.66000366210938,0.9938153834208604,190.33999633789062,2425200,2021-11-11,2.451779435953445
2021-11-15,194.5850067138672,194.66900634765625,186.32000732421875,0.9978567993852382,191.0,2476100,2021-11-15,2.4677728860611485
2021-11-17,193.75,199.6750030517578,189.52999877929688,0.993325506325072,190.25999450683594,2943200,2021-11-17,2.449840802326158
2021-11-18,191.38999938964844,195.0500030517578,188.00999450683594,0.9954075073407983,190.60000610351562,2212900,2021-11-18,2.4580800876812683
2021-11-22,193.0,193.0,178.1999969482422,0.9350927330428175,180.75,4303000,2021-11-22,2.2193911375720146
2021-11-23,170.61000061035156,181.25,168.0800018310547,0.9269487015150263,179.4199981689453,6193600,2021-11-23,2.187162046811906
2021-11-24,174.57000732421875,182.89999389648438,171.24000549316406,0.9325821479648401,180.33999633789062,2900600,2021-11-24,2.2094557788908755
2021-11-26,180.0,184.91000366210938,178.22000122070312,0.9381543948156185,181.25,1647700,2021-11-26,2.231507320425143
2021-11-29,183.8000030517578,187.6999969482422,180.75,0.9488090114213868,182.99000549316406,4163000,2021-11-29,2.273671769866391
2021-11-30,183.27999877929688,186.2899932861328,174.0,0.9200293160094554,178.2899932861328,4149800,2021-11-30,2.1597793552417377
2021-12-01,182.85000610351562,185.0,161.30999755859375,0.8357724176583922,164.52999877929688,6257100,2021-12-01,1.8263421362360024
2021-12-02,159.60000610351562,169.82000732421875,158.16000366210938,0.8658379586915786,169.44000244140625,4291000,2021-12-02,1.9453231405952978
2021-12-03,168.8800048828125,168.8800048828125,152.82000732421875,0.8338742023087758,164.22000122070312,5138500,2021-12-03,1.8188301620281118
2021-12-06,160.42999267578125,163.5500030517578,153.27999877929688,0.8166676780951545,161.41000366210938,4257200,2021-12-06,1.750737273554579
2021-12-07,165.3699951171875,177.5500030517578,165.02999877929688,0.9121914693458449,177.00999450683594,4073900,2021-12-07,2.1287619567182534
2021-12-08,177.58999633789062,184.3699951171875,173.41000366210938,0.9498499652119988,183.16000366210938,2793800,2021-12-08,2.2777912276656673
2021-12-09,183.5,185.9499969482422,173.1699981689453,0.902394207733583,175.41000366210938,2811200,2021-12-09,2.0899903934421764
2021-12-10,177.7100067138672,183.16000366210938,173.22999572753906,0.8971893453460204,174.55999755859375,2625300,2021-12-10,2.069392734689235
2021-12-13,174.94000244140625,182.25,169.05999755859375,0.8816973442504074,172.02999877929688,3405700,2021-12-13,2.0080848790329293
2021-12-14,157.32000732421875,163.6199951171875,153.75,0.8128099543623845,160.77999877929688,6585600,2021-12-14,1.735470764837539
2021-12-15,161.22000122070312,171.82000732421875,160.02999877929688,0.8755128211057702,171.02000427246094,3741800,2021-12-15,1.9836103227819704
2021-12-16,172.39999389648438,173.0,161.32000732421875,0.8328332485181639,164.0500030517578,3377500,2021-12-16,1.814710704228835
2021-12-17,160.0,171.3800048828125,158.75,0.8702467591191724,170.16000366210938,17400800,2021-12-17,1.9627704734843272
2021-12-20,163.8000030517578,168.85000610351562,158.5800018310547,0.8348539565003527,164.3800048828125,3837100,2021-12-20,1.8227074292826866
2021-12-21,166.99000549316406,177.63999938964844,163.92999267578125,0.9151307319205756,177.49000549316406,3523300,2021-12-21,2.1403937584819777
2021-12-22,176.97999572753906,183.30999755859375,174.27499389648438,0.928540732000462,179.67999267578125,2765400,2021-12-22,2.1934623287831725
2021-12-23,179.41000366210938,182.0,175.72999572753906,0.9327046405974128,180.36000061035156,1965900,2021-12-23,2.2099405297368366
2021-12-27,182.0,184.86000061035156,179.77000427246094,0.9517481805616151,183.47000122070312,3091600,2021-12-27,2.285303201873558
2021-12-28,185.6999969482422,186.27999877929688,176.2899932861328,0.9147020544238224,177.4199981689453,1691500,2021-12-28,2.138697315399392
2021-12-29,176.80999755859375,180.77000427246094,172.7100067138672,0.9287245176665723,179.7100067138672,1118500,2021-12-29,2.1941896399303924
2021-12-30,179.99000549316406,181.6999969482422,177.51499938964844,0.9239482393412605,178.92999267578125,1397800,2021-12-30,2.1752880545034796
2021-12-31,179.19000244140625,181.3000030517578,178.00999450683594,0.918927162619808,178.11000061035156,1286900,2021-12-31,2.1554177068977585
