Date,Open,High,Low,Close,Adj Close,Volume,date,z
2020-06-04,40.0,42.0,32.099998474121094,0.06388151030314027,34.0,24801800,2020-06-04,1.6191495994056164
2020-06-05,36.5,40.0,34.599998474121094,0.17197168759213166,38.88999938964844,9110700,2020-06-05,1.1508550286597077
2020-06-08,41.900001525878906,47.900001525878906,40.65999984741211,0.3001768049868315,44.689998626708984,9020300,2020-06-08,0.5954136192404033
2020-06-09,46.93000030517578,51.75,44.70000076293945,0.41755084618994864,50.0,9200600,2020-06-09,0.08689723393584875
2020-06-10,59.220001220703125,64.4000015258789,50.06999969482422,0.42418212937355815,50.29999923706055,18098700,2020-06-10,0.058167575146776965
2020-06-11,48.09000015258789,49.81999969482422,44.5,0.40649867944348594,49.5,10137800,2020-06-11,0.134780120356779
2020-06-12,54.720001220703125,55.650001525878906,48.95000076293945,0.4445181600341468,51.220001220703125,5284200,2020-06-12,0.029937125832799207
2020-06-15,49.849998474121094,51.20000076293945,48.75,0.4168877431679898,49.970001220703125,2744100,2020-06-15,0.08977009021952638
2020-06-16,52.0,52.400001525878906,46.93000030517578,0.38196285577492417,48.38999938964844,4031900,2020-06-16,0.2410801866620332
2020-06-17,48.5,48.5,43.25,0.27409368471947215,43.5099983215332,4158100,2020-06-17,0.7084172604191932
2020-06-18,44.0,46.900001525878906,43.77000045776367,0.32360742884501525,45.75,2816600,2020-06-18,0.4939017685137558
2020-06-19,47.20000076293945,47.310001373291016,43.790000915527344,0.3152077585077282,45.369998931884766,2366100,2020-06-19,0.5302928644825436
2020-06-22,45.25,50.5,44.0,0.4045092860562689,49.40999984741211,4158900,2020-06-22,0.1433990545252437
2020-06-23,50.95000076293945,51.75,49.02000045776367,0.4104774662179198,49.68000030517578,2604600,2020-06-23,0.11754225201984955
2020-06-24,49.25,51.68000030517578,47.220001220703125,0.4392130828944547,50.97999954223633,2461200,2020-06-24,0.0069531796110827
2020-06-25,50.90999984741211,54.599998474121094,49.70000076293945,0.4880636396766984,53.189998626708984,2843600,2020-06-25,0.21859544991541072
2020-06-26,53.9900016784668,55.0,50.220001220703125,0.45225464302813445,51.56999969482422,2546200,2020-06-26,0.06345500020047765
2020-06-29,51.5099983215332,51.98899841308594,47.0,0.4334659932876841,50.720001220703125,2386800,2020-06-29,0.01794576058813103
2020-06-30,51.22999954223633,51.400001525878906,48.470001220703125,0.4403182827048331,51.029998779296875,1729400,2020-06-30,0.011741395189689365
2020-07-01,50.810001373291016,50.81999969482422,48.20000076293945,0.382183946329804,48.400001525878906,1652300,2020-07-01,0.2401223243558528
2020-07-02,49.47999954223633,49.529998779296875,44.779998779296875,0.30813437853569925,45.04999923706055,4063600,2020-07-02,0.5609378825665444
2020-07-06,46.0,47.650001525878906,44.5,0.3289125059847071,45.9900016784668,2462200,2020-07-06,0.47091782229203927
2020-07-07,45.5,46.08000183105469,44.90999984741211,0.3101237719229162,45.13999938964844,837100,2020-07-07,0.5523189483980797
2020-07-08,45.5,45.525001525878906,43.75,0.2906719348391663,44.2599983215332,1396100,2020-07-08,0.6365929307877979
2020-07-09,44.88999938964844,44.900001525878906,42.130001068115234,0.3001768049868315,44.689998626708984,2432800,2020-07-09,0.5954136192404033
2020-07-10,44.040000915527344,44.599998474121094,43.0,0.27851456828232535,43.709999084472656,1053600,2020-07-10,0.6892640327873347
2020-07-13,44.0,44.04999923706055,39.06999969482422,0.20380198178760234,40.33000183105469,3214900,2020-07-13,1.0129520819642723
2020-07-14,39.9900016784668,40.95000076293945,38.79999923706055,0.19628650502715406,39.9900016784668,1750600,2020-07-14,1.0455124593432021
2020-07-15,40.0,41.150001525878906,38.88999938964844,0.1931918275082184,39.849998474121094,1112400,2020-07-15,1.0589199744077054
2020-07-16,39.54999923706055,40.5,38.20000076293945,0.2049071815979805,40.380001068115234,1433200,2020-07-16,1.0081638663856656
2020-07-17,41.0,41.41999816894531,38.400001525878906,0.22214853473963347,41.15999984741211,1773200,2020-07-17,0.9334666804705926
2020-07-20,40.7599983215332,42.88999938964844,39.58000183105469,0.2513262482045878,42.47999954223633,2056400,2020-07-20,0.8070558895447313
2020-07-21,43.720001220703125,43.7400016784668,41.79999923706055,0.26061011211871365,42.900001525878906,1608700,2020-07-21,0.7668340749860854
2020-07-22,42.439998626708984,42.99800109863281,40.7400016784668,0.23320070148609617,41.65999984741211,1031600,2020-07-22,0.8855837940496624
2020-07-23,41.7400016784668,42.36000061035156,40.040000915527344,0.21551725155602386,40.86000061035156,749700,2020-07-23,0.9621963392596644
2020-07-24,39.7400016784668,40.474998474121094,38.31999969482422,0.18744473790144756,39.59000015258789,1243500,2020-07-24,1.083818914606919
2020-07-27,39.95000076293945,41.22999954223633,39.79999923706055,0.22214853473963347,41.15999984741211,759000,2020-07-27,0.9334666804705926
2020-07-28,40.880001068115234,43.0,40.21500015258789,0.23099030186533986,41.560001373291016,990000,2020-07-28,0.8951602252068757
2020-07-29,42.0099983215332,42.20000076293945,39.599998474121094,0.20822278102911496,40.529998779296875,879500,2020-07-29,0.9937992196498456
2020-07-30,40.040000915527344,40.97999954223633,40.0,0.2071175812187368,40.47999954223633,484000,2020-07-30,0.9985874352284523
2020-07-31,40.65999984741211,40.88999938964844,39.34000015258789,0.21573825778956324,40.869998931884766,685300,2020-07-31,0.9612388422709158
2020-08-03,41.0,45.65999984741211,40.849998474121094,0.30879756587899854,45.08000183105469,2690400,2020-08-03,0.558064660965435
2020-08-04,45.0,45.45000076293945,42.66999816894531,0.2882405289848706,44.150001525878906,1150000,2020-08-04,0.6471268589337598
2020-08-05,44.79999923706055,47.38999938964844,44.33000183105469,0.3373120920006536,46.369998931884766,1857600,2020-08-05,0.43452709164068315
2020-08-06,47.0,48.38999938964844,46.369998931884766,0.3609637220923767,47.439998626708984,1370100,2020-08-06,0.33205774392528703
2020-08-07,47.11000061035156,47.11000061035156,43.52000045776367,0.3313439118390029,46.099998474121094,1862100,2020-08-07,0.46038389414607733
2020-08-10,46.439998626708984,47.9900016784668,42.61000061035156,0.26724139530232327,43.20000076293945,2194800,2020-08-10,0.7381044161970136
2020-08-11,40.06999969482422,40.597999572753906,36.900001525878906,0.1746241840013073,39.0099983215332,7081400,2020-08-11,1.1393632382075654
2020-08-12,39.790000915527344,40.0,37.900001525878906,0.16401411404326394,38.529998779296875,1699100,2020-08-12,1.1853307653335665
2020-08-13,39.599998474121094,40.58000183105469,38.619998931884766,0.1900972343106233,39.709999084472656,1548600,2020-08-13,1.0723271241547767
2020-08-14,39.91999816894531,40.20000076293945,38.604000091552734,0.17175068135859217,38.880001068115234,1331000,2020-08-14,1.1518125256484564
2020-08-17,39.40999984741211,40.72999954223633,38.599998474121094,0.18766574413498704,39.599998474121094,1403500,2020-08-17,1.0828614176181703
2020-08-18,38.209999084472656,38.900001525878906,37.150001525878906,0.15473033445047868,38.11000061035156,2073200,2020-08-18,1.2255522145747806
2020-08-19,37.880001068115234,38.560001373291016,36.66999816894531,0.15053045712116486,37.91999816894531,2752200,2020-08-19,1.2437479452178906
2020-08-20,37.9900016784668,39.099998474121094,36.91999816894531,0.15296194729680124,38.029998779296875,7912100,2020-08-20,1.2332136517544967
2020-08-21,37.77000045776367,38.400001525878906,36.66999816894531,0.126436814562363,36.83000183105469,2434400,2020-08-21,1.348132286910784
2020-08-24,36.689998626708984,37.935001373291016,35.279998779296875,0.13107870435875557,37.040000915527344,2458800,2020-08-24,1.3280215622901768
2020-08-25,36.560001373291016,37.20000076293945,36.29999923706055,0.1257736272190636,36.79999923706055,994300,2020-08-25,1.3510055085118933
2020-08-26,36.70000076293945,39.13999938964844,36.52000045776367,0.15340404408522057,38.04999923706055,2491100,2020-08-26,1.2312982924595677
2020-08-27,38.79999923706055,38.869998931884766,36.029998779296875,0.13085761380387562,37.029998779296875,2146300,2020-08-27,1.3289794245963573
2020-08-28,37.0099983215332,37.70000076293945,36.77000045776367,0.13483640057830948,37.209999084472656,1035400,2020-08-28,1.311741556259428
2020-08-31,37.349998474121094,39.720001220703125,37.29999923706055,0.17042439099333406,38.81999969482422,2854400,2020-08-31,1.1575586035332435
2020-09-01,39.70000076293945,39.75,37.54999923706055,0.16158262386762767,38.41999816894531,2207700,2020-09-01,1.1958650587969604
2020-09-02,38.400001525878906,38.400001525878906,37.20000076293945,0.15473033445047868,38.11000061035156,1040900,2020-09-02,1.2255522145747806
2020-09-03,37.40999984741211,37.7400016784668,33.52000045776367,0.061892116915923334,33.90999984741211,4439500,2020-09-03,1.627768533574081
2020-09-04,33.34000015258789,34.4900016784668,31.309999465942383,0.03315650023938832,32.61000061035156,3143500,2020-09-04,1.7522639652050134
2020-09-08,31.639999389648438,33.900001525878906,31.402000427246094,0.0324933972174295,32.58000183105469,1927800,2020-09-08,1.7551368214886909
2020-09-09,33.02000045776367,33.70000076293945,32.02000045776367,0.04155617057667538,32.9900016784668,1827400,2020-09-09,1.7158728692362255
2020-09-10,33.150001525878906,33.70000076293945,32.220001220703125,0.034261700049766475,32.65999984741211,1411600,2020-09-10,1.7474757496264066
2020-09-11,33.0,33.33000183105469,31.3799991607666,0.01945179492307958,31.989999771118164,1692600,2020-09-11,1.8116388247368018
2020-09-14,33.290000915527344,33.84000015258789,32.529998779296875,0.04155617057667538,32.9900016784668,1396900,2020-09-14,1.7158728692362255
2020-09-15,33.27000045776367,33.470001220703125,31.899999618530273,0.03315650023938832,32.61000061035156,1517500,2020-09-15,1.7522639652050134
2020-09-16,32.150001525878906,32.61000061035156,30.829999923706055,0.0,31.110000610351562,2148700,2020-09-16,1.895912624467804
2020-09-17,31.399999618530273,33.5,31.110000610351562,0.025419932924060085,32.2599983215332,3532400,2020-09-17,1.7857822048901235
2020-09-18,32.5099983215332,33.56999969482422,31.829999923706055,0.027188320077737527,32.34000015258789,4894400,2020-09-18,1.7781207677104074
2020-09-21,31.5,33.65999984741211,31.360000610351562,0.039124680401039,32.880001068115234,1884800,2020-09-21,1.7264071626996191
2020-09-22,33.36000061035156,35.11000061035156,33.029998779296875,0.07316528989592552,34.41999816894531,2659400,2020-09-22,1.5789281501644021
2020-09-23,36.27000045776367,36.900001525878906,35.150001525878906,0.0992484101632849,35.599998474121094,4391000,2020-09-23,1.4659245089856123
2020-09-24,36.38999938964844,36.459999084472656,34.20000076293945,0.08001766363441509,34.72999954223633,2703200,2020-09-24,1.54924062906915
2020-09-25,34.34000015258789,40.130001068115234,34.34000015258789,0.1790450675641605,39.209999084472656,5167100,2020-09-25,1.120210010575707
2020-09-28,39.79999923706055,39.88100051879883,37.43000030517578,0.1708664877817534,38.84000015258789,2077800,2020-09-28,1.1556432442383144
2020-09-29,38.63999938964844,42.41999816894531,38.54999923706055,0.23187441112083806,41.599998474121094,3067900,2020-09-29,0.8913298719344495
2020-09-30,41.06999969482422,44.619998931884766,40.29999923706055,0.2625995055059306,42.9900016784668,2944200,2020-09-30,0.7582151408176206
2020-10-01,43.119998931884766,44.130001068115234,42.25,0.27011498226637887,43.33000183105469,1722800,2020-10-01,0.7256547634386908
2020-10-02,41.70000076293945,43.31999969482422,41.25,0.24204246861180256,42.060001373291016,1264100,2020-10-02,0.8472773387859455
2020-10-05,41.970001220703125,44.0,41.47999954223633,0.2847038389988561,43.9900016784668,1425000,2020-10-05,0.6624493679757602
2020-10-06,44.0,46.20000076293945,43.56999969482422,0.27829356204878597,43.70000076293945,1863600,2020-10-06,0.6902215297760834
2020-10-07,44.369998931884766,46.07500076293945,43.91999816894531,0.31167106852171367,45.209999084472656,1581300,2020-10-07,0.545615373524544
2020-10-08,45.939998626708984,45.959999084472656,43.25,0.26900969813466014,43.279998779296875,1201100,2020-10-08,0.7304433443347293
2020-10-09,43.79999923706055,44.388999938964844,41.93000030517578,0.24690536464173463,42.279998779296875,1382500,2020-10-09,0.8262091171765897
2020-10-12,42.70000076293945,43.79999923706055,41.38999938964844,0.23032711452204047,41.529998779296875,1032700,2020-10-12,0.8980334468079851
2020-10-13,41.400001525878906,43.150001525878906,40.560001373291016,0.257515434599778,42.7599983215332,1536300,2020-10-13,0.7802415900505886
2020-10-14,43.130001068115234,44.310001373291016,41.540000915527344,0.23762158504894937,41.86000061035156,1016100,2020-10-14,0.8664305664178039
2020-10-15,41.119998931884766,43.119998931884766,40.84000015258789,0.25773652515465795,42.77000045776367,879700,2020-10-15,0.7792837277444081
2020-10-16,43.220001220703125,43.459999084472656,41.7599983215332,0.25464193195706286,42.630001068115234,572300,2020-10-16,0.7926908774914795
2020-10-19,42.880001068115234,46.04999923706055,42.349998474121094,0.28846153521841,44.15999984741211,1592600,2020-10-19,0.6461693619450112
2020-10-20,44.29999923706055,44.81999969482422,43.33000183105469,0.28956673502878816,44.209999084472656,934500,2020-10-20,0.6413811463664045
2020-10-21,44.54999923706055,47.70000076293945,44.099998474121094,0.3357647954018561,46.29999923706055,2336300,2020-10-21,0.4412306665142189
2020-10-22,45.7599983215332,46.2599983215332,42.54999923706055,0.2572944283662386,42.75,2271500,2020-10-22,0.7811990870393372
2020-10-23,43.0,44.31999969482422,40.779998779296875,0.26657820795902387,43.16999816894531,1498300,2020-10-23,0.7409776377981231
2020-10-26,42.529998779296875,42.720001220703125,39.79399871826172,0.22502212170368907,41.290000915527344,1308700,2020-10-26,0.9210170277122699
2020-10-27,41.5099983215332,43.71500015258789,41.165000915527344,0.2641468021047282,43.060001373291016,899500,2020-10-27,0.751511565944085
2020-10-28,41.40999984741211,42.16999816894531,39.52199935913086,0.20822278102911496,40.529998779296875,1491900,2020-10-28,0.9937992196498456
2020-10-29,41.029998779296875,41.4900016784668,39.79999923706055,0.2026966976558836,40.279998779296875,796000,2020-10-29,1.0177406628603107
2020-10-30,39.617000579833984,40.45000076293945,35.5,0.15207783804130293,37.9900016784668,3034800,2020-10-30,1.2370440050269231
2020-11-02,38.28499984741211,39.529998779296875,36.43000030517578,0.12908931097153864,36.95000076293945,990200,2020-11-02,1.3366404964586416
2020-11-03,37.09000015258789,38.150001525878906,36.869998931884766,0.14389917393755536,37.619998931884766,816300,2020-11-03,1.2724776040069623
2020-11-04,38.41999816894531,40.34000015258789,38.29999923706055,0.17263479061409037,38.91999816894531,1234400,2020-11-04,1.14798217237603
2020-11-05,41.209999084472656,42.59000015258789,40.52000045776367,0.2210433349292552,41.11000061035156,1530000,2020-11-05,0.9382548960491993
2020-11-06,40.95000076293945,42.38999938964844,39.58000183105469,0.23342170771963555,41.66999816894531,1453600,2020-11-06,0.8846262970609138
2020-11-09,39.810001373291016,41.4900016784668,37.310001373291016,0.1374889813088257,37.33000183105469,2773800,2020-11-09,1.3002494004898537
2020-11-10,40.5,41.439998626708984,37.0,0.19871791088144974,40.099998474121094,4046900,2020-11-10,1.0349785311972401
2020-11-11,40.099998474121094,41.86000061035156,39.150001525878906,0.22214853473963347,41.15999984741211,2162400,2020-11-11,0.9334666804705926
2020-11-12,41.0,43.599998474121094,40.689998626708984,0.2645888988931475,43.08000183105469,1827700,2020-11-12,0.7495962066491559
2020-11-13,43.470001220703125,44.279998779296875,41.224998474121094,0.24602125538623643,42.2400016784668,1585400,2020-11-13,0.830039470449016
2020-11-16,41.290000915527344,43.380001068115234,40.709999084472656,0.23209550167571802,41.61000061035156,911700,2020-11-16,0.890372009628269
2020-11-17,41.130001068115234,42.099998474121094,40.41999816894531,0.2130857613803876,40.75,859300,2020-11-17,0.9727306327230582
2020-11-18,40.5,41.150001525878906,39.130001068115234,0.18744473790144756,39.59000015258789,1454600,2020-11-18,1.083818914606919
2020-11-19,40.779998779296875,43.2400016784668,39.900001525878906,0.2557471317674411,42.68000030517578,2112000,2020-11-19,0.7879026619128728
2020-11-20,43.34000015258789,45.130001068115234,42.779998779296875,0.2758620718731497,43.59000015258789,1759200,2020-11-20,0.7007558232394772
2020-11-23,43.849998474121094,44.869998931884766,42.61000061035156,0.2992926957313333,44.650001525878906,1366900,2020-11-23,0.5992439725128296
2020-11-24,44.5,47.290000915527344,44.13999938964844,0.34571176233794065,46.75,2415600,2020-11-24,0.3981359956718953
2020-11-25,45.279998779296875,47.279998779296875,44.38999938964844,0.35344824533192853,47.099998474121094,3136300,2020-11-25,0.36461812130421684
2020-11-27,48.099998474121094,52.20000076293945,47.619998931884766,0.3905835323457505,48.779998779296875,2726800,2020-11-27,0.2037315937044967
2020-11-30,48.459999084472656,51.25,47.029998779296875,0.4451812630561056,51.25,4834200,2020-11-30,0.032809982116476843
2020-12-01,51.5,53.08000183105469,45.2599983215332,0.37179488260530014,47.93000030517578,4941000,2020-12-01,0.28513235449310537
2020-12-02,44.290000915527344,44.720001220703125,42.849998474121094,0.26304151797300945,43.0099983215332,7905200,2020-12-02,0.7563001468401235
2020-12-03,43.36000061035156,45.95000076293945,43.316001892089844,0.3194076358370419,45.560001373291016,4914300,2020-12-03,0.5120971338394338
2020-12-04,45.95000076293945,46.81999969482422,45.099998474121094,0.331565002393883,46.11000061035156,2684400,2020-12-04,0.4594260318398969
2020-12-07,46.439998626708984,46.619998931884766,42.279998779296875,0.2805039616695423,43.79999923706055,5545600,2020-12-07,0.68064509861887
2020-12-08,43.88999938964844,44.470001220703125,41.54999923706055,0.23585319789527193,41.779998779296875,3647900,2020-12-08,0.87409200359752
2020-12-09,42.650001525878906,42.79999923706055,39.810001373291016,0.20534927838639983,40.400001525878906,2673300,2020-12-09,1.0062485070907365
2020-12-10,40.0,41.42499923706055,39.75,0.216622451366402,40.90999984741211,2114600,2020-12-10,0.9574081236810578
2020-12-11,41.900001525878906,42.29999923706055,40.34000015258789,0.23541110110685248,41.7599983215332,1697100,2020-12-11,0.8760073628924491
2020-12-14,42.0,42.959999084472656,40.599998474121094,0.24381077144413954,42.13999938964844,1974700,2020-12-14,0.8396162669236612
2020-12-15,42.75,42.939998626708984,40.70000076293945,0.2241379281268503,41.25,2182200,2020-12-15,0.9248477463021278
2020-12-16,41.470001220703125,41.77000045776367,39.779998779296875,0.2144120517456457,40.810001373291016,1993800,2020-12-16,0.9669845548382711
2020-12-17,41.380001068115234,43.56999969482422,41.099998474121094,0.27166227886517647,43.400001525878906,2168900,2020-12-17,0.7189511885651552
2020-12-18,42.79999923706055,43.33000183105469,41.869998931884766,0.2595048279869949,42.849998474121094,2828500,2020-12-18,0.7716226558821239
2020-12-21,42.75,45.27000045776367,42.48500061035156,0.2893457287952488,44.20000076293945,2374200,2020-12-21,0.6423386433551531
2020-12-22,45.119998931884766,46.54999923706055,43.72999954223633,0.3404066851982488,46.5099983215332,7281700,2020-12-22,0.4211199418936118
2020-12-23,47.099998474121094,47.77000045776367,45.72999954223633,0.35764812266124224,47.290000915527344,2048800,2020-12-23,0.346422390661107
2020-12-24,47.099998474121094,47.349998474121094,44.349998474121094,0.30349248873930657,44.84000015258789,1487300,2020-12-24,0.5810486071871516
2020-12-28,45.709999084472656,46.459999084472656,44.619998931884766,0.3129973588869719,45.27000045776367,1904900,2020-12-28,0.5398692956397569
2020-12-29,45.470001220703125,46.720001220703125,44.209999084472656,0.3211759386693789,45.63999938964844,1964500,2020-12-29,0.5044360619771495
2020-12-30,45.810001373291016,47.939998626708984,45.58000183105469,0.3519009487331308,47.029998779296875,1717500,2020-12-30,0.3713216961777525
2020-12-31,47.34000015258789,48.599998474121094,46.720001220703125,0.37842616578890964,48.22999954223633,2137600,2020-12-31,0.2564026957040336
2021-01-04,48.02000045776367,48.68000030517578,43.56700134277344,0.31984973262546124,45.58000183105469,2958500,2021-01-04,0.5101817745445048
2021-01-05,44.40999984741211,47.150001525878906,44.40999984741211,0.3107868749448749,45.16999816894531,1139400,2021-01-05,0.5494460921144021
2021-01-06,44.099998474121094,44.560001373291016,42.13999938964844,0.25022104839420967,42.43000030517578,1996600,2021-01-06,0.811844105123338
2021-01-07,43.25,44.040000915527344,42.51499938964844,0.2849248452323956,44.0,1775300,2021-01-07,0.6614918709870116
2021-01-08,44.25,45.724998474121094,43.599998474121094,0.3196286420705814,45.56999969482422,1451300,2021-01-08,0.5111396368506852
2021-01-11,45.0,45.439998626708984,43.810001373291016,0.28514585146593496,44.0099983215332,1610500,2021-01-11,0.660534373998263
2021-01-12,44.41999816894531,44.79999923706055,42.900001525878906,0.28514585146593496,44.0099983215332,1047500,2021-01-12,0.660534373998263
2021-01-13,44.099998474121094,45.29999923706055,43.810001373291016,0.3074712755137404,45.02000045776367,1034000,2021-01-13,0.563810738850222
2021-01-14,45.13999938964844,46.95000076293945,45.0099983215332,0.31631295831810635,45.41999816894531,1811600,2021-01-14,0.525504648903937
2021-01-15,46.0,46.900001525878906,44.869998931884766,0.3145446554857694,45.34000015258789,1830600,2021-01-15,0.5331657207662213
2021-01-19,46.630001068115234,47.970001220703125,46.15999984741211,0.3423960785854656,46.599998474121094,2360400,2021-01-19,0.4125010077251471
2021-01-20,47.290000915527344,48.36000061035156,46.70000076293945,0.351237845711172,47.0,1303600,2021-01-20,0.3741945524614302
2021-01-21,48.09000015258789,48.2400016784668,45.81999969482422,0.33465959559147795,46.25,1225600,2021-01-21,0.44601888209282553
2021-01-22,46.25,47.11000061035156,45.61000061035156,0.3351016923798973,46.27000045776367,947000,2021-01-22,0.4441035227978965
2021-01-25,46.5,47.20500183105469,44.516998291015625,0.3388593885994513,46.439998626708984,1936000,2021-01-25,0.42782351676714747
2021-01-26,46.439998626708984,50.209999084472656,46.439998626708984,0.4009725960702546,49.25,2143700,2021-01-26,0.1587215635672441
2021-01-27,49.209999084472656,50.099998474121094,46.0099983215332,0.41666665261311,49.959999084472656,3346600,2021-01-27,0.0907279525257068
2021-01-28,48.709999084472656,49.04999923706055,45.59000015258789,0.3843943459505603,48.5,2396300,2021-01-28,0.23054589319863947
2021-01-29,48.2599983215332,48.900001525878906,46.81999969482422,0.3735631854376371,48.0099983215332,885100,2021-01-29,0.2774712826308211
2021-02-01,47.90999984741211,51.08000183105469,47.77000045776367,0.42241382654122117,50.220001220703125,4751600,2021-02-01,0.06582864700906127
2021-02-02,51.89699935913086,52.15999984741211,46.68000030517578,0.4416445730700911,51.09000015258789,4294100,2021-02-02,0.017487473074476442
2021-02-03,51.900001525878906,55.599998474121094,51.5,0.5187887340617909,54.58000183105469,7102300,2021-02-03,0.3517101810322395
2021-02-04,54.810001373291016,57.150001525878906,54.0,0.5570292208859913,56.310001373291016,4604600,2021-02-04,0.5173849242105663
2021-02-05,56.0,58.45000076293945,54.540000915527344,0.5961539012870303,58.08000183105469,3775300,2021-02-05,0.6868903859787512
2021-02-08,58.08000183105469,58.29999923706055,54.06999969482422,0.5813439539996732,57.40999984741211,2878700,2021-02-08,0.62272712820964
2021-02-09,57.0,57.79999923706055,55.58000183105469,0.5583554269299089,56.369998931884766,1320700,2021-02-09,0.5231306367779216
2021-02-10,56.880001068115234,56.880001068115234,51.90999984741211,0.5439876607523115,55.720001220703125,2629100,2021-02-10,0.46088310362117135
2021-02-11,56.974998474121094,57.5,54.88999938964844,0.5722811806404273,57.0,942900,2021-02-11,0.5834631759571746
2021-02-12,57.0,58.369998931884766,55.709999084472656,0.5908488241473384,57.84000015258789,1073400,2021-02-12,0.6639064397570347
2021-02-16,58.13999938964844,58.79999923706055,54.77000045776367,0.5450928605626899,55.77000045776367,1634700,2021-02-16,0.465671319199778
2021-02-17,55.25,55.400001525878906,52.54999923706055,0.5048629803512725,53.95000076293945,1145800,2021-02-17,0.2913776418529865
2021-02-18,53.869998931884766,56.29999923706055,52.939998626708984,0.5351458936266051,55.31999969482422,1074200,2021-02-18,0.42257664835745445
2021-02-19,55.86000061035156,56.73699951171875,54.25,0.5223254240478055,54.7400016784668,1357700,2021-02-19,0.3670326900742399
2021-02-22,53.83000183105469,55.599998474121094,50.83000183105469,0.4467285596549031,51.31999969482422,2487700,2021-02-22,0.039513556990012536
2021-02-23,56.70000076293945,60.279998779296875,53.060001373291016,0.4933687168163905,53.43000030517578,12788900,2021-02-23,0.24157939613712723
2021-02-24,53.5099983215332,57.970001220703125,51.04999923706055,0.5618921169159234,56.529998779296875,4047100,2021-02-24,0.538453145819922
2021-02-25,56.529998779296875,59.900001525878906,52.52000045776367,0.48938993004195663,53.25,3483700,2021-02-25,0.22434152780019778
2021-02-26,53.16999816894531,53.869998931884766,49.599998474121094,0.47104329276858503,52.41999816894531,3595100,2021-02-26,0.14485576098908634
2021-03-01,53.8650016784668,56.68000030517578,53.45000076293945,0.5585765174847888,56.380001068115234,1977500,2021-03-01,0.5240884990841019
2021-03-02,56.380001068115234,57.369998931884766,55.220001220703125,0.5526083373231381,56.11000061035156,1391400,2021-03-02,0.49823169657870786
2021-03-03,55.689998626708984,55.709999084472656,47.257999420166016,0.36870028940770494,47.790000915527344,5085500,2021-03-03,0.2985395042401768
2021-03-04,47.16999816894531,48.380001068115234,43.33000183105469,0.32272323526817637,45.709999084472656,3733200,2021-03-04,0.4977324871036138
2021-03-05,45.952999114990234,46.69499969482422,41.75,0.3289125059847071,45.9900016784668,2335100,2021-03-05,0.47091782229203927
2021-03-08,46.459999084472656,47.11000061035156,43.20000076293945,0.2787356588372053,43.720001220703125,1388200,2021-03-08,0.6883061704811544
2021-03-09,45.5,48.11000061035156,44.869998931884766,0.3558797355075647,47.209999084472656,1396500,2021-03-09,0.3540838278408231
2021-03-10,47.959999084472656,49.09000015258789,46.47999954223633,0.34858534930199636,46.880001068115234,1301000,2021-03-10,0.3856863429135725
2021-03-11,48.19599914550781,48.9900016784668,47.029998779296875,0.38947833253537234,48.72999954223633,1358300,2021-03-11,0.20851980928310337
2021-03-12,48.189998626708984,48.70000076293945,46.849998474121094,0.380857655964546,48.34000015258789,1096100,2021-03-12,0.24586840224063986
2021-03-15,48.630001068115234,48.79999923706055,47.099998474121094,0.3682581926192856,47.77000045776367,1205500,2021-03-15,0.3004548635351058
2021-03-16,48.810001373291016,49.77000045776367,47.650001525878906,0.380857655964546,48.34000015258789,1074300,2021-03-16,0.24586840224063986
2021-03-17,47.400001525878906,49.099998474121094,45.95000076293945,0.38505744897251915,48.529998779296875,1029600,2021-03-17,0.22767303691496182
2021-03-18,48.0,48.630001068115234,46.81999969482422,0.3556587292740254,47.20000076293945,1077500,2021-03-18,0.35504132482957174
2021-03-19,46.79999923706055,48.9900016784668,46.5,0.3919098227110087,48.84000015258789,1917000,2021-03-19,0.19798551581970963
2021-03-22,51.86000061035156,55.150001525878906,51.13999938964844,0.5212201399160867,54.689998626708984,3702000,2021-03-22,0.36224410917820143
2021-03-23,53.84000015258789,57.029998779296875,53.2599983215332,0.5574713176744106,56.33000183105469,2560400,2021-03-23,0.5193002835054953
2021-03-24,55.470001220703125,55.900001525878906,53.5,0.5148099472873573,54.400001525878906,2330800,2021-03-24,0.3344723126953101
2021-03-25,52.779998779296875,56.0,49.75,0.516578250119694,54.47999954223633,7548200,2021-03-25,0.34213338455759434
2021-03-26,54.91999816894531,57.720001220703125,51.22999954223633,0.481653447047969,52.900001525878906,1705300,2021-03-26,0.19082365343251934
2021-03-29,52.41999816894531,52.54999923706055,48.630001068115234,0.4106984724514591,49.689998626708984,1227300,2021-03-29,0.11658475503110094
2021-03-30,49.0099983215332,50.47999954223633,48.63999938964844,0.39544651269702324,49.0,1737300,2021-03-30,0.18266300677770922
2021-03-31,49.47999954223633,50.380001068115234,48.7400016784668,0.3932361130762667,48.900001525878906,1182800,2021-03-31,0.19223943793492254
2021-04-01,50.415000915527344,50.54999923706055,47.83000183105469,0.3770998754236514,48.16999816894531,2059700,2021-04-01,0.26214877358882066
2021-04-05,49.029998779296875,49.119998931884766,46.470001220703125,0.3636163028228929,47.560001373291016,1942200,2021-04-05,0.32056558815571284
2021-04-06,48.04999923706055,48.95000076293945,47.279998779296875,0.3733421792040976,48.0,2264000,2021-04-06,0.2784287796195697
2021-04-07,48.88999938964844,50.099998474121094,47.9900016784668,0.37533157259131444,48.09000015258789,3460300,2021-04-07,0.269809845451105
2021-04-08,48.540000915527344,49.40999984741211,47.90999984741211,0.37400528222605645,48.029998779296875,980300,2021-04-08,0.2755559233358921
2021-04-09,48.380001068115234,48.380001068115234,46.119998931884766,0.3572060258728229,47.27000045776367,2066600,2021-04-09,0.348337749956036
2021-04-12,47.0,48.61000061035156,46.86000061035156,0.3600796128368786,47.400001525878906,1486200,2021-04-12,0.3358880971977133
2021-04-13,47.939998626708984,49.70000076293945,47.939998626708984,0.3963307062738619,49.040000915527344,1080800,2021-04-13,0.17883228818785116
2021-04-14,50.57400131225586,50.57400131225586,47.73500061035156,0.37687886919011215,48.15999984741211,1264200,2021-04-14,0.2631062705775693
2021-04-15,49.06999969482422,49.959999084472656,47.02000045776367,0.3638373090564324,47.56999969482422,1782200,2021-04-15,0.31960809116696426
2021-04-16,47.79999923706055,47.959999084472656,46.54999923706055,0.3713527858168808,47.90999984741211,1193200,2021-04-16,0.2870477137880344
2021-04-19,48.400001525878906,49.7400016784668,46.76100158691406,0.35963751604845906,47.380001068115234,1687900,2021-04-19,0.33780345649264226
2021-04-20,47.65999984741211,47.68000030517578,45.0099983215332,0.3209549324358394,45.630001068115234,1048400,2021-04-20,0.5053935589658981
2021-04-21,45.86000061035156,49.11000061035156,45.4900016784668,0.39765691231777955,49.099998474121094,1639300,2021-04-21,0.1730865756204959
2021-04-22,48.439998626708984,50.470001220703125,48.08700180053711,0.40848807283070276,49.59000015258789,2076200,2021-04-22,0.12616118618831426
2021-04-23,49.88999938964844,51.52000045776367,49.5,0.44694965020978317,51.33000183105469,1497600,2021-04-23,0.04047141929619295
2021-04-26,51.970001220703125,53.470001220703125,51.70000076293945,0.48474804024556395,53.040000915527344,969200,2021-04-26,0.20423080317959072
2021-04-27,52.810001373291016,53.915000915527344,51.68000030517578,0.46640140297219235,52.209999084472656,1608900,2021-04-27,0.12474503636847926
2021-04-28,51.02000045776367,52.93000030517578,50.63999938964844,0.4741379702875206,52.560001373291016,1174500,2021-04-28,0.1582632760535895
2021-04-29,52.29999923706055,52.54999923706055,50.540000915527344,0.4630858035410579,52.060001373291016,918100,2021-04-29,0.11038038963265928
2021-04-30,51.66999816894531,52.40999984741211,51.13999938964844,0.4586649199782047,51.86000061035156,1159900,2021-04-30,0.09122716200080082
2021-05-03,52.47999954223633,52.65999984741211,49.470001220703125,0.4155614528027318,49.90999984741211,1618400,2021-05-03,0.09551616810431346
2021-05-04,50.15999984741211,50.29999923706055,47.279998779296875,0.382625958796883,48.41999816894531,3107500,2021-05-04,0.23820733037835556
2021-05-05,49.18000030517578,49.27000045776367,46.060001373291016,0.3401856789647093,46.5,1933000,2021-05-05,0.42207743888236043
2021-05-06,46.5,46.540000915527344,44.51499938964844,0.3196286420705814,45.56999969482422,1482000,2021-05-06,0.5111396368506852
2021-05-07,44.619998931884766,46.33000183105469,42.959999084472656,0.26237841495105063,42.97999954223633,3147500,2021-05-07,0.7591730031238011
2021-05-10,42.7599983215332,42.9900016784668,40.38999938964844,0.2513262482045878,42.47999954223633,2442900,2021-05-10,0.8070558895447313
2021-05-11,40.560001373291016,43.959999084472656,39.79999923706055,0.26934124964563955,43.29499816894531,2494700,2021-05-11,0.7290069161928905
2021-05-12,42.29999923706055,44.470001220703125,41.349998474121094,0.24160037182338323,42.040000915527344,1583800,2021-05-12,0.8491926980808745
2021-05-13,42.279998779296875,42.540000915527344,38.939998626708984,0.1900972343106233,39.709999084472656,3492700,2021-05-13,1.0723271241547767
2021-05-14,40.029998779296875,40.869998931884766,39.130001068115234,0.20092839482354663,40.20000076293945,3431100,2021-05-14,1.025401734722595
2021-05-17,39.900001525878906,40.30400085449219,37.86000061035156,0.19628650502715406,39.9900016784668,2599100,2021-05-17,1.0455124593432021
2021-05-18,40.310001373291016,42.5,39.65999984741211,0.2102121744163319,40.619998931884766,1937300,2021-05-18,0.9851802854813809
2021-05-19,40.06999969482422,41.97999954223633,39.59000015258789,0.22634832774760671,41.349998474121094,1147400,2021-05-19,0.9152713151449146
2021-05-20,41.619998931884766,43.369998931884766,41.56999969482422,0.26724139530232327,43.20000076293945,1135500,2021-05-20,0.7381044161970136
2021-05-21,43.439998626708984,44.09000015258789,42.209999084472656,0.24867375179541218,42.36000061035156,1523100,2021-05-21,0.8185476799968737
2021-05-24,43.0,43.279998779296875,42.439998626708984,0.2597259185418749,42.86000061035156,1256600,2021-05-24,0.7706647935759434
2021-05-25,43.25,43.709999084472656,41.77000045776367,0.2433686746557202,42.119998931884766,1209200,2021-05-25,0.8415316262185902
2021-05-26,42.189998626708984,43.7599983215332,42.130001068115234,0.2625995055059306,42.9900016784668,970100,2021-05-26,0.7582151408176206
2021-05-27,42.70000076293945,44.560001373291016,42.0,0.29045092860562693,44.25,2245500,2021-05-27,0.6375504277765465
2021-05-28,44.0,44.85900115966797,43.689998626708984,0.2811671490128417,43.83000183105469,1584100,2021-05-28,0.6777718770177606
2021-06-01,44.0,44.099998474121094,42.150001525878906,0.257515434599778,42.7599983215332,1255400,2021-06-01,0.7802415900505886
2021-06-02,42.52000045776367,43.540000915527344,42.34000015258789,0.2736516722523934,43.4900016784668,1225600,2021-06-02,0.7103322543966905
2021-06-03,42.369998931884766,43.18000030517578,41.380001068115234,0.2367373914721106,41.81999969482422,1223500,2021-06-03,0.870261285007662
2021-06-04,41.90999984741211,44.22999954223633,41.90999984741211,0.2893457287952488,44.20000076293945,1245800,2021-06-04,0.6423386433551531
2021-06-07,43.65999984741211,45.31999969482422,43.5,0.3019451921405091,44.77000045776367,1800200,2021-06-07,0.5877521820606872
2021-06-08,44.63999938964844,45.33000183105469,43.95000076293945,0.30128208911855026,44.7400016784668,1057700,2021-06-08,0.5906250383443649
2021-06-09,44.91999816894531,45.689998626708984,44.5,0.30437668231614534,44.880001068115234,1320300,2021-06-09,0.5772178885972935
2021-06-10,44.70000076293945,46.5099983215332,44.58000183105469,0.3373120920006536,46.369998931884766,1731200,2021-06-10,0.43452709164068315
2021-06-11,46.790000915527344,46.84000015258789,45.15999984741211,0.3388593885994513,46.439998626708984,1122200,2021-06-11,0.42782351676714747
2021-06-14,45.790000915527344,47.09000015258789,45.119998931884766,0.33686999521223426,46.349998474121094,1902500,2021-06-14,0.4364424509356122
2021-06-15,46.810001373291016,46.814998626708984,44.41999816894531,0.3070291787253211,45.0,3284600,2021-06-15,0.5657260981451511
2021-06-16,45.5,49.20000076293945,45.25,0.3956675189305625,49.0099983215332,5150100,2021-06-16,0.1817055097889606
2021-06-17,47.5099983215332,50.75,47.209999084472656,0.4308134125571679,50.599998474121094,3904000,2021-06-17,0.029437916357705183
2021-06-18,50.119998931884766,52.150001525878906,50.119998931884766,0.4482758562537006,51.38999938964844,3126500,2021-06-18,0.04621713186354822
2021-06-21,51.0,52.06999969482422,50.130001068115234,0.46131741638738033,51.97999954223633,2021700,2021-06-21,0.10271895245294317
2021-06-22,51.93000030517578,52.5,51.470001220703125,0.45800181695624587,51.83000183105469,1153300,2021-06-22,0.08835430571712319
2021-06-23,51.95000076293945,53.27000045776367,51.68000030517578,0.47745356971865505,52.709999084472656,3872400,2021-06-23,0.1726279227894095
2021-06-24,52.540000915527344,54.2400016784668,52.540000915527344,0.48695843986632026,53.13999938964844,1545400,2021-06-24,0.21380723433680404
2021-06-25,53.130001068115234,54.08000183105469,52.20000076293945,0.5026524964091756,53.849998474121094,1068300,2021-06-25,0.2818008453783414
2021-06-28,54.099998474121094,54.099998474121094,52.68000030517578,0.49226351700601234,53.380001068115234,1441700,2021-06-28,0.23679118055852055
2021-06-29,52.66999816894531,53.880001068115234,51.900001525878906,0.4933687168163905,53.43000030517578,808900,2021-06-29,0.24157939613712723
2021-06-30,53.0,53.20000076293945,52.02000045776367,0.4655172093953537,52.16999816894531,807900,2021-06-30,0.12091431777862122
2021-07-01,52.0,52.220001220703125,50.051998138427734,0.44871795304212014,51.40999984741211,1462700,2021-07-01,0.04813249115847725
2021-07-02,51.619998931884766,52.154998779296875,51.132999420166016,0.45954911355504335,51.900001525878906,742200,2021-07-02,0.09505788059065887
2021-07-06,51.900001525878906,54.20000076293945,51.6349983215332,0.47524317009789874,52.61000061035156,1197700,2021-07-06,0.16305149163219618
2021-07-07,53.0,53.220001220703125,51.40999984741211,0.4524757335830145,51.58000183105469,626700,2021-07-07,0.06441286250665806
2021-07-08,50.279998779296875,52.310001373291016,49.06999969482422,0.4586649199782047,51.86000061035156,933800,2021-07-08,0.09122716200080082
2021-07-09,51.720001220703125,52.7400016784668,51.25,0.4767904666966962,52.68000030517578,644400,2021-07-09,0.16975506650573186
2021-07-12,52.93000030517578,53.78499984741211,51.61000061035156,0.4845269496906841,53.029998779296875,831900,2021-07-12,0.2032729408734103
2021-07-13,53.15999984741211,54.470001220703125,52.439998626708984,0.4823165500699278,52.93000030517578,1826300,2021-07-13,0.19369650971619698
2021-07-14,53.130001068115234,53.435001373291016,50.40999984741211,0.4321397029224259,50.65999984741211,861300,2021-07-14,0.023691838472918107
2021-07-15,50.70000076293945,50.70000076293945,48.290000915527344,0.4120247628167173,49.75,1405200,2021-07-15,0.11083867714631386
2021-07-16,50.720001220703125,50.720001220703125,49.474998474121094,0.4120247628167173,49.75,822700,2021-07-16,0.11083867714631386
2021-07-19,49.18000030517578,50.369998931884766,48.5099983215332,0.42550841973881637,50.36000061035156,881600,2021-07-19,0.05242149726198989
2021-07-20,50.540000915527344,52.619998931884766,50.30500030517578,0.4728116799222626,52.5,1430200,2021-07-20,0.15251719816880244
2021-07-21,52.9900016784668,53.0989990234375,51.75,0.46927498993624805,52.34000015258789,1087000,2021-07-21,0.13719468912680202
2021-07-22,52.439998626708984,53.82500076293945,51.88999938964844,0.4933687168163905,53.43000030517578,779900,2021-07-22,0.24157939613712723
2021-07-23,53.5,54.189998626708984,52.720001220703125,0.5024314901756364,53.84000015258789,1109600,2021-07-23,0.28084334838959274
2021-07-26,53.779998779296875,54.7599983215332,53.09000015258789,0.5143678504989377,54.380001068115234,2028100,2021-07-26,0.33255695340038105
2021-07-27,54.04999923706055,54.709999084472656,52.29499816894531,0.498231697167663,53.650001525878906,1371000,2021-07-27,0.2626479830639147
2021-07-28,54.0,55.04999923706055,53.79999923706055,0.5086206765708265,54.119998931884766,2020800,2021-07-28,0.3076576478837355
2021-07-29,54.029998779296875,54.79999923706055,53.45000076293945,0.5116048088123222,54.255001068115234,1104800,2021-07-29,0.32058623179514845
2021-07-30,53.2400016784668,53.7599983215332,52.630001068115234,0.5004420967884193,53.75,1265300,2021-07-30,0.27222441422112803
2021-08-02,54.0,55.150001525878906,53.63999938964844,0.5232095333033038,54.779998779296875,3707800,2021-08-02,0.37086304334666614
2021-08-03,61.380001068115234,63.65999984741211,55.81999969482422,0.5612290138939646,56.5,22892500,2021-08-03,0.5355802895362444
2021-08-04,56.220001220703125,60.709999084472656,55.5,0.651856747486423,60.599998474121094,20570400,2021-08-04,0.9282198120608995
2021-08-05,61.11000061035156,67.62999725341797,58.900001525878906,0.7840407359768973,66.58000183105469,15488600,2021-08-05,1.5008994551345651
2021-08-06,64.75499725341797,67.22000122070312,63.0099983215332,0.7389478754142076,64.54000091552734,5718100,2021-08-06,1.305537190860986
2021-08-09,62.5,62.650001525878906,59.81999969482422,0.6682139913725778,61.34000015258789,18620400,2021-08-09,0.9990866447035462
2021-08-10,61.900001525878906,62.209999084472656,59.220001220703125,0.6284262079495799,59.540000915527344,4377000,2021-08-10,0.8267083266516838
2021-08-11,60.43000030517578,61.75,59.279998779296875,0.6715296751250528,61.4900016784668,8360200,2021-08-11,1.0134516567567982
2021-08-12,61.4900016784668,62.90999984741211,60.79999923706055,0.6876658284563275,62.220001220703125,3725800,2021-08-12,1.0833606270932645
2021-08-13,62.439998626708984,62.7599983215332,61.79999923706055,0.6936340086179782,62.4900016784668,2488600,2021-08-13,1.1092174295986585
2021-08-16,62.0,62.066001892089844,58.68000030517578,0.6138373512171027,58.880001068115234,3875400,2021-08-16,0.7635029311887531
2021-08-17,58.0,60.06999969482422,57.56999969482422,0.6366047877319869,59.90999984741211,2042900,2021-08-17,0.8621415603142912
2021-08-18,60.150001525878906,60.709999084472656,58.88999938964844,0.6363837814984477,59.900001525878906,1434100,2021-08-18,0.8611840633255426
2021-08-19,59.060001373291016,61.38999938964844,58.70100021362305,0.6534040440852205,60.66999816894531,2178600,2021-08-19,0.9349233869344352
2021-08-20,61.0,61.5,59.41999816894531,0.6624669017658069,61.08000183105469,1814900,2021-08-20,0.9741877045043326
2021-08-23,62.47999954223633,63.099998474121094,61.400001525878906,0.6969496080491129,62.63999938964844,3782100,2021-08-23,1.1235820763344786
2021-08-24,62.790000915527344,63.25,61.150001525878906,0.6644562108316834,61.16999816894531,1817800,2021-08-24,0.9828062733553655
2021-08-25,61.45000076293945,63.150001525878906,61.45000076293945,0.6938550148515177,62.5,2997500,2021-08-25,1.1101749265874072
2021-08-26,62.400001525878906,63.66999816894531,60.75,0.6761715649214455,61.70000076293945,2928000,2021-08-26,1.033562381377405
2021-08-27,61.79999923706055,63.400001525878906,61.54999923706055,0.7091069746059537,63.189998626708984,2187900,2021-08-27,1.1762531783340155
2021-08-30,64.91999816894531,66.11000061035156,63.47999954223633,0.7316534048872987,64.20999908447266,4319900,2021-08-30,1.273934310470805
2021-08-31,64.69999694824219,65.80000305175781,64.12999725341797,0.7533157259131453,65.19000244140625,5850000,2021-08-31,1.3677850893351682
2021-09-01,65.19000244140625,65.48999786376953,63.36000061035156,0.7482316550069927,64.95999908447266,3774000,2021-09-01,1.3457586401022004
2021-09-02,65.04000091552734,66.94000244140625,64.93499755859375,0.7630415179730095,65.62999725341797,3929900,2021-09-02,1.4099215325538796
2021-09-03,65.9800033569336,66.64099884033203,64.76000213623047,0.7785146526036659,66.33000183105469,2615300,2021-09-03,1.4769580119241001
2021-09-07,66.88999938964844,67.31999969482422,64.08999633789062,0.7858091231305748,66.66000366210938,5909400,2021-09-07,1.5085608923142813
2021-09-08,66.5,67.0199966430664,62.875999450683594,0.7148541485340651,63.45000076293945,5316500,2021-09-08,1.201152483850661
2021-09-09,63.64500045776367,65.4000015258789,63.64500045776367,0.730327198843381,64.1500015258789,1915100,2021-09-09,1.2681885979034497
2021-09-10,64.54000091552734,64.83999633789062,62.84000015258789,0.7084438715839949,63.15999984741211,2408100,2021-09-10,1.1733803220503378
2021-09-13,64.30000305175781,65.62000274658203,62.689998626708984,0.7400529909032452,64.58999633789062,4088000,2021-09-13,1.310325041122161
2021-09-14,65.5,68.77999877929688,64.66000366210938,0.7935456061245625,67.01000213623047,7549700,2021-09-14,1.5420787666819598
2021-09-15,66.23999786376953,67.62999725341797,65.72000122070312,0.7968612898770375,67.16000366210938,4357300,2021-09-15,1.5564437787352114
2021-09-16,67.13999938964844,68.36000061035156,66.29000091552734,0.8191865452821621,68.16999816894531,4128700,2021-09-16,1.653166683248389
2021-09-17,69.04000091552734,69.72000122070312,66.94100189208984,0.812113165310133,67.8499984741211,8076500,2021-09-17,1.622521665164388
2021-09-20,64.95500183105469,67.38899993896484,64.44999694824219,0.774977878296311,66.16999816894531,4116100,2021-09-20,1.461635137564668
2021-09-21,66.5199966430664,68.3499984741211,66.29000091552734,0.8163130426394469,68.04000091552734,3283000,2021-09-21,1.6407173958074979
2021-09-22,68.0,69.16000366210938,67.25,0.8269230282761497,68.5199966430664,5684200,2021-09-22,1.6866845576160672
2021-09-23,68.72000122070312,69.0,67.30000305175781,0.8114500622881742,67.81999969482422,3153400,2021-09-23,1.6196488088807104
2021-09-24,68.0,68.04000091552734,66.04000091552734,0.812113165310133,67.8499984741211,2380300,2021-09-24,1.622521665164388
2021-09-27,68.0,68.0,63.06999969482422,0.7466843584081952,64.88999938964844,4308900,2021-09-27,1.3390550652286646
2021-09-28,64.11000061035156,64.11000061035156,60.529998779296875,0.6611406114005489,61.02000045776367,4483400,2021-09-28,0.9684416266195455
2021-09-29,61.459999084472656,62.11000061035156,60.400001525878906,0.6664456042189002,61.2599983215332,2373100,2021-09-29,0.9914252075238302
2021-09-30,61.470001220703125,62.599998474121094,61.11000061035156,0.6648983076201027,61.189998626708984,1556500,2021-09-30,0.9847216326502946
2021-10-01,61.150001525878906,61.72999954223633,59.22999954223633,0.6717506813585923,61.5,3135900,2021-10-01,1.0144091537455466
2021-10-04,61.5,61.55500030517578,59.60300064086914,0.6463306641131916,60.349998474121094,3136100,2021-10-04,0.9042783688504344
2021-10-05,60.77000045776367,61.770999908447266,60.63999938964844,0.66025641782371,60.97999954223633,1918800,2021-10-05,0.9646109080296874
2021-10-06,60.220001220703125,62.67499923706055,59.650001525878906,0.6951813052167759,62.560001373291016,2726500,2021-10-06,1.1159210044721943
2021-10-07,63.29999923706055,64.88500213623047,62.63999938964844,0.7035808912327224,62.939998626708984,3058900,2021-10-07,1.1523117351235503
2021-10-08,63.400001525878906,63.849998474121094,61.939998626708984,0.6900973186319639,62.33000183105469,1361200,2021-10-08,1.0938949205566582
2021-10-11,61.790000915527344,63.22999954223633,61.560001373291016,0.6945181178734765,62.529998779296875,1152900,2021-10-11,1.1130477828710847
2021-10-12,63.16999816894531,63.90999984741211,61.880001068115234,0.7144120517456456,63.43000030517578,1217200,2021-10-12,1.199237124555732
2021-10-13,63.630001068115234,65.4000015258789,63.40999984741211,0.7575154345997781,65.37999725341797,3684300,2021-10-13,1.3859800893434144
2021-10-14,66.31999969482422,68.19000244140625,66.0199966430664,0.7948718121684801,67.06999969482422,3981600,2021-10-14,1.547824479249315
2021-10-15,67.3499984741211,67.98999786376953,66.30999755859375,0.7997347925197527,67.29000091552734,2809000,2021-10-15,1.5688930661761025
2021-10-18,67.12999725341797,68.87999725341797,67.04000091552734,0.8191865452821621,68.16999816894531,2758000,2021-10-18,1.653166683248389
2021-10-19,68.5999984741211,70.25,68.04000091552734,0.849911555345914,69.55999755859375,2762100,2021-10-19,1.7862810490477858
2021-10-20,70.0,70.23999786376953,67.29000091552734,0.8220602165675581,68.30000305175781,2504200,2021-10-20,1.6656167013241434
2021-10-21,68.25,69.86000061035156,68.02999877929688,0.856321832295984,69.8499984741211,1133100,2021-10-21,1.8140532108481089
2021-10-22,70.0,70.05999755859375,68.49099731445312,0.8441645500604837,69.30000305175781,2006100,2021-10-22,1.7613824741660038
2021-10-25,69.38999938964844,70.02999877929688,68.2300033569336,0.8507957489227527,69.5999984741211,1245000,2021-10-25,1.790111767637644
2021-10-26,70.0,70.87000274658203,68.33000183105469,0.8406277757531286,69.13999938964844,2338700,2021-10-26,1.7460595998065715
2021-10-27,69.0,69.72000122070312,65.9000015258789,0.7732094911426335,66.08999633789062,2108300,2021-10-27,1.4539737003849518
2021-10-28,66.5999984741211,67.25,64.7699966430664,0.7966401993221577,67.1500015258789,2151900,2021-10-28,1.5554859164290311
2021-10-29,66.91000366210938,67.93000030517578,66.61000061035156,0.7981874959209552,67.22000122070312,1206000,2021-10-29,1.5621894913025667
2021-11-01,68.66500091552734,69.30000305175781,67.66999816894531,0.8233864226114758,68.36000061035156,2759100,2021-11-01,1.6713624138914986
2021-11-02,72.58000183105469,73.19000244140625,65.25,0.853227239098389,69.70999908447266,15467000,2021-11-02,1.8006460611010375
2021-11-03,69.25,70.0,67.16500091552734,0.856321832295984,69.8499984741211,4354500,2021-11-03,1.8140532108481089
2021-11-04,70.0,72.98999786376953,69.69999694824219,0.9038461830343101,72.0,7129700,2021-11-04,2.019949768585082
2021-11-05,73.0,73.9000015258789,71.69999694824219,0.9403183670261734,73.6500015258789,6060000,2021-11-05,2.177963439901124
2021-11-08,73.6500015258789,74.29000091552734,72.12000274658203,0.9504863401957975,74.11000061035156,4003200,2021-11-08,2.2220156077321964
2021-11-09,74.25,74.25,72.36100006103516,0.9478337594652813,73.98999786376953,2059300,2021-11-09,2.2105234519626222
2021-11-10,73.06999969482422,73.95999908447266,70.12000274658203,0.8746684695693558,70.68000030517578,3186300,2021-11-10,1.8935389776592204
2021-11-11,71.11000061035156,73.0,71.02999877929688,0.9157825433576117,72.54000091552734,1917300,2021-11-11,2.07166337359587
2021-11-12,73.38999938964844,74.94999694824219,73.38999938964844,0.9606543133654215,74.56999969482422,4632300,2021-11-12,2.2660677755632688
2021-11-15,74.91999816894531,75.55000305175781,73.65399932861328,0.9812113502595494,75.5,3718200,2021-11-15,2.3551299735315934
2021-11-16,75.4000015258789,76.5,75.13999938964844,1.0,76.3499984741211,4859700,2021-11-16,2.436530734320202
2021-11-22,76.72000122070312,77.26000213623047,72.56999969482422,0.9482759405750412,74.01000213623047,4579400,2021-11-22,2.212439176574983
2021-11-23,72.33000183105469,73.55999755859375,66.30000305175781,0.8074712755137403,67.63999938964844,9080700,2021-11-23,1.602410940543781
2021-11-24,67.83000183105469,70.82499694824219,66.36000061035156,0.8768788691901122,70.77999877929688,3589500,2021-11-24,1.9031154088164337
2021-11-26,70.48999786376953,72.0,69.55000305175781,0.8598586066033391,70.01000213623047,2777600,2021-11-26,1.8293760852075411
2021-11-29,71.22000122070312,71.5,69.33000183105469,0.8565429228508641,69.86000061035156,4328700,2021-11-29,1.8150110731542894
2021-11-30,70.41999816894531,70.41999816894531,61.33000183105469,0.6761715649214455,61.70000076293945,23427100,2021-11-30,1.033562381377405
2021-12-01,62.939998626708984,65.91000366210938,58.459999084472656,0.6237843181531872,59.33000183105469,7622100,2021-12-01,0.8065976020310768
2021-12-02,59.13999938964844,63.15999984741211,59.11000061035156,0.6940760210850572,62.5099983215332,5147300,2021-12-02,1.1111324235761557
2021-12-03,63.209999084472656,63.209999084472656,56.27000045776367,0.5702917872532105,56.90999984741211,7792600,2021-12-03,0.5748442417887099
2021-12-06,56.73500061035156,60.75,55.900001525878906,0.6403625682728815,60.08000183105469,8686000,2021-12-06,0.8784219316624721
2021-12-07,62.369998931884766,64.19000244140625,61.439998626708984,0.7000442012467079,62.779998779296875,3453000,2021-12-07,1.13698922608155
2021-12-08,63.22999954223633,66.5999984741211,62.20000076293945,0.7701148979450383,65.94999694824219,3244400,2021-12-08,1.4405665506378804
2021-12-09,65.2699966430664,66.73999786376953,62.900001525878906,0.7029177882107636,62.90999984741211,3387600,2021-12-09,1.1494388788398726
2021-12-10,63.54999923706055,64.94999694824219,61.84000015258789,0.7214854317176747,63.75,3245500,2021-12-10,1.2298821426397328
2021-12-13,63.959999084472656,65.4000015258789,61.130001068115234,0.6834659511270138,62.029998779296875,6567900,2021-12-13,1.0651648964501546
2021-12-14,59.849998474121094,62.2400016784668,58.86000061035156,0.648762154288828,60.459999084472656,6841300,2021-12-14,0.9148126623138282
2021-12-15,59.92499923706055,65.0999984741211,59.92499923706055,0.7325375984641374,64.25,5594900,2021-12-15,1.277765029060663
2021-12-16,65.62999725341797,65.77999877929688,60.6510009765625,0.6704243909933341,61.439998626708984,3879300,2021-12-16,1.0086630758607595
2021-12-17,60.349998474121094,63.810001373291016,58.65999984741211,0.6989390014363297,62.72999954223633,14066700,2021-12-17,1.1322010105029432
2021-12-20,60.91999816894531,62.310001373291016,60.060001373291016,0.6677718945841584,61.31999969482422,5183900,2021-12-20,0.9971712854086173
2021-12-21,62.13999938964844,64.95999908447266,60.720001220703125,0.7398320689910463,64.58000183105469,3374600,2021-12-21,1.3093679094508441
2021-12-22,64.58000183105469,66.55000305175781,64.3499984741211,0.7469054489630751,64.9000015258789,1958400,2021-12-22,1.3400129275348451
2021-12-23,64.31999969482422,66.19999694824219,63.709999084472656,0.7650309956815668,65.72000122070312,2624500,2021-12-23,1.418540832039776
2021-12-27,66.13999938964844,67.87999725341797,66.13999938964844,0.7893457287952488,66.81999969482422,2728700,2021-12-27,1.5238830360388498
2021-12-28,66.91000366210938,67.19000244140625,64.5999984741211,0.7429266621886415,64.72000122070312,1768400,2021-12-28,1.3227750591979157
2021-12-29,64.72000122070312,65.16000366210938,63.630001068115234,0.7378425912824889,64.48999786376953,1315600,2021-12-29,1.3007486099649477
2021-12-30,64.86000061035156,66.04000091552734,64.72000122070312,0.7431477527435213,64.7300033569336,1069900,2021-12-30,1.323732921504096
2021-12-31,64.43000030517578,65.79000091552734,64.16999816894531,0.7314323143324186,64.19999694824219,1001200,2021-12-31,1.2729764481646246
