Date,Open,High,Low,Close,Adj Close,Volume,date,z
2019-04-18,65.0,66.0,60.32099914550781,0.0,62.0,25764700,2019-04-18,1.2863542388366107
2019-04-22,61.0,68.9000015258789,59.939998626708984,0.007307336477466217,65.69999694824219,9949700,2019-04-22,1.2589103980076863
2019-04-23,66.87000274658203,74.16899871826172,65.55000305175781,0.013824702035650241,69.0,6786500,2019-04-23,1.2344334160657333
2019-04-24,71.4000015258789,71.5,63.15999984741211,0.0023699504271701283,63.20000076293945,4973500,2019-04-24,1.2774535207026825
2019-04-25,64.73999786376953,66.8499984741211,62.599998474121094,0.005924872300992964,65.0,3863300,2019-04-25,1.2641024576490918
2019-04-26,66.12000274658203,66.98999786376953,63.599998474121094,0.008334322780900141,66.22000122070312,1527400,2019-04-26,1.2550533909118946
2019-04-29,66.52999877929688,68.5,64.75,0.012185483749453788,68.16999816894531,1822300,2019-04-29,1.2405897557756898
2019-04-30,68.4000015258789,72.5199966430664,66.66999816894531,0.020677806741302138,72.47000122070312,4113100,2019-04-30,1.208695513437897
2019-05-01,72.72000122070312,76.94999694824219,70.81600189208984,0.02125054620519233,72.76000213623047,3301900,2019-05-01,1.2065445011323988
2019-05-02,72.75,75.88999938964844,69.69100189208984,0.026661925354468333,75.5,2525300,2019-05-02,1.186221223492776
2019-05-03,75.0,80.25,75.0,0.0339297693130622,79.18000030517578,2590300,2019-05-03,1.158925702972518
2019-05-06,75.01000213623047,80.79000091552734,74.5,0.032073304503744335,78.23999786376953,2051800,2019-05-06,1.165897945853153
2019-05-07,77.8499984741211,78.05000305175781,73.25,0.022376271339671835,73.33000183105469,1975200,2019-05-07,1.2023166649703385
2019-05-08,74.61000061035156,78.5,74.02999877929688,0.03096733316256574,77.68000030517578,2265500,2019-05-08,1.1700515935662774
2019-05-09,76.8499984741211,76.98999786376953,74.0,0.02608918589057814,75.20999908447266,1348200,2019-05-09,1.1883722357982742
2019-05-10,75.79000091552734,79.73999786376953,74.7699966430664,0.034818494131119385,79.62999725341797,1555100,2019-05-10,1.1555879584300726
2019-05-13,77.38999938964844,77.38999938964844,70.5999984741211,0.02081605315894948,72.54000091552734,2873200,2019-05-13,1.2081763074737566
2019-05-14,74.12000274658203,76.88500213623047,73.11000061035156,0.022001024605602174,73.13999938964844,1950400,2019-05-14,1.203725962554094
2019-05-15,73.4000015258789,80.0,72.20999908447266,0.035075248240842585,79.76000213623047,2426500,2019-05-15,1.1546236783615216
2019-05-16,80.12000274658203,87.55000305175781,79.25,0.042264092093962355,83.4000015258789,4580700,2019-05-16,1.127624855047802
2019-05-17,82.25,90.27999877929688,81.87999725341797,0.05525931562372867,89.9800033569336,3442500,2019-05-17,1.078819268061768
2019-05-20,90.0999984741211,91.45999908447266,83.2699966430664,0.044772281404915085,84.66999816894531,3666800,2019-05-20,1.1182049592443364
2019-05-21,86.62999725341797,89.69999694824219,84.5,0.046293007066765104,85.44000244140625,2576000,2019-05-21,1.1124936370495844
2019-05-22,84.62999725341797,85.69999694824219,82.0,0.040348380972471246,82.43000030517578,1596400,2019-05-22,1.1348196066860394
2019-05-23,81.25,81.5,77.26000213623047,0.03310029080717826,78.76000213623047,2856000,2019-05-23,1.1620409387573611
2019-05-24,80.4800033569336,81.25,74.19999694824219,0.028143143429716563,76.25,2946800,2019-05-24,1.1806582781958963
2019-05-28,76.80000305175781,79.38999938964844,76.80000305175781,0.03114507209908539,77.7699966430664,1641300,2019-05-28,1.1693840672934708
2019-05-29,77.0,77.93000030517578,73.58300018310547,0.027195157231756736,75.7699966430664,1512100,2019-05-29,1.18421858808515
2019-05-30,76.68000030517578,80.97000122070312,76.5999984741211,0.03637871231184174,80.41999816894531,1996000,2019-05-30,1.1497283159266545
2019-05-31,78.7699966430664,83.16999816894531,77.77999877929688,0.03501600192866937,79.7300033569336,1594300,2019-05-31,1.1548461871191238
2019-06-03,80.0,81.94000244140625,75.6500015258789,0.027451911341479937,75.9000015258789,1570500,2019-06-03,1.183254308016599
2019-06-04,78.19999694824219,78.87999725341797,76.62000274658203,0.0330607832205765,78.73999786376953,1134900,2019-06-04,1.1621893156552334
2019-06-05,80.13999938964844,80.5999984741211,76.23999786376953,0.031678319044103245,78.04000091552734,1295800,2019-06-05,1.1673813752966387
2019-06-06,77.4000015258789,79.75,77.02999877929688,0.034423508671478295,79.43000030517578,3024000,2019-06-06,1.1570713878735581
2019-06-07,93.66000366210938,98.88999938964844,92.5,0.06329739177603326,94.05000305175781,9487800,2019-06-07,1.048631020514269
2019-06-10,98.51000213623047,105.98500061035156,96.0,0.07899829734657283,102.0,4852800,2019-06-10,0.9896638230030266
2019-06-11,101.0,101.19999694824219,91.56999969482422,0.06491685626892883,94.87000274658203,4372400,2019-06-11,1.0425488692532487
2019-06-12,94.5999984741211,104.18499755859375,94.0,0.08051900794069343,102.7699966430664,3156900,2019-06-12,0.9839525573974807
2019-06-13,105.0999984741211,105.1719970703125,98.55000305175781,0.07692458601413353,100.94999694824219,3189100,2019-06-13,0.9974519690543405
2019-06-14,100.47000122070312,104.56999969482422,99.25,0.0756211219431344,100.29000091552734,1889300,2019-06-14,1.0023473314892075
2019-06-17,101.0,102.4469985961914,97.0,0.071315714135037,98.11000061035156,2128500,2019-06-17,1.0185169614157061
2019-06-18,100.38999938964844,102.0,97.51000213623047,0.0743373965977067,99.63999938964844,2272400,2019-06-18,1.0071685620643445
2019-06-19,100.48999786376953,104.44499969482422,98.62999725341797,0.07976852954028359,102.38999938964844,2592700,2019-06-19,0.9867710959757856
2019-06-20,105.01000213623047,107.33999633789062,101.62100219726562,0.07959079060376391,102.30000305175781,2460700,2019-06-20,0.9874386222485924
2019-06-21,101.41999816894531,101.53199768066406,97.81999969482422,0.07597661488390316,100.47000122070312,2972500,2019-06-21,1.0010122223543882
2019-06-24,100.8499984741211,101.5,88.87999725341797,0.054133590489249164,89.41000366210938,6011200,2019-06-24,1.0830471042238283
2019-06-25,89.43000030517578,91.5,84.62999725341797,0.04548326728645259,85.02999877929688,3744500,2019-06-25,1.1155347409746976
2019-06-26,87.91999816894531,89.08000183105469,84.6050033569336,0.04805071797730799,86.33000183105469,2680000,2019-06-26,1.1058922798244237
2019-06-27,89.69999694824219,92.33000183105469,87.80000305175781,0.05583204001988941,90.2699966430664,3019500,2019-06-27,1.0766683123454757
2019-06-28,91.76000213623047,92.19999694824219,87.25,0.05290911145599471,88.79000091552734,3228300,2019-06-28,1.087645826041363
2019-07-01,85.12999725341797,87.79000091552734,83.0999984741211,0.04909744300631337,86.86000061035156,5306600,2019-07-01,1.1019611408689016
2019-07-02,86.2699966430664,86.8499984741211,84.0,0.04568076001627315,85.12999725341797,1866000,2019-07-02,1.1147930262529548
2019-07-03,85.44999694824219,90.5999984741211,84.51000213623047,0.05618753296065816,90.44999694824219,2706100,2019-07-03,1.0753332032106564
2019-07-05,90.13999938964844,91.97000122070312,88.0,0.05901172269350731,91.87999725341797,2582700,2019-07-05,1.0647265185810375
2019-07-08,91.44000244140625,92.79000091552734,89.88999938964844,0.05679978001115012,90.76000213623047,1793300,2019-07-08,1.0730338140072861
2019-07-09,90.2699966430664,91.2699966430664,89.0999984741211,0.05713551915861799,90.93000030517578,1557400,2019-07-09,1.0717728933214028
2019-07-10,91.76000213623047,93.44999694824219,91.55000305175781,0.060670694773004644,92.72000122070312,2059300,2019-07-10,1.0584959904221451
2019-07-11,92.9000015258789,93.19999694824219,90.4520034790039,0.058063751563276936,91.4000015258789,1784600,2019-07-11,1.0682867718810851
2019-07-12,93.01000213623047,94.93000030517578,91.37000274658203,0.06181617370078503,93.30000305175781,2689700,2019-07-12,1.0541939658111488
2019-07-15,94.0,100.6500015258789,93.77999877929688,0.07465339701960312,99.80000305175781,3835600,2019-07-15,1.0059817732381913
2019-07-16,100.13999938964844,100.5,96.5,0.06932100290807179,97.0999984741211,2120100,2019-07-16,1.0260084102604818
2019-07-17,97.62000274658203,101.98699951171875,97.54000091552734,0.0745151506019558,99.7300033569336,2314100,2019-07-17,1.0065009792023318
2019-07-18,99.23999786376953,99.5,95.01599884033203,0.06554884204499224,95.19000244140625,1948800,2019-07-18,1.0401753481901483
2019-07-19,97.1500015258789,97.79000091552734,92.87999725341797,0.0619741588440038,93.37999725341797,1747700,2019-07-19,1.053600627987278
2019-07-22,94.19000244140625,97.46499633789062,93.50499725341797,0.06847177060888694,96.66999816894531,1483000,2019-07-22,1.0291978344942612
2019-07-23,97.5,98.1500015258789,93.5199966430664,0.06989374237196198,97.38999938964844,2241700,2019-07-23,1.0238573979549837
2019-07-24,97.12000274658203,97.87999725341797,94.68499755859375,0.06703006012024047,95.94000244140625,1283700,2019-07-24,1.0346124028932686
2019-07-25,95.83999633789062,99.5999984741211,95.75,0.06934075670137267,97.11000061035156,1870300,2019-07-25,1.0259342218115457
2019-07-26,97.94999694824219,104.48999786376953,97.83000183105469,0.07939328280621392,102.19999694824219,3040700,2019-07-26,0.988180393559541
2019-07-29,102.5999984741211,102.99800109863281,92.0999984741211,0.06807678514924585,96.47000122070312,4230300,2019-07-29,1.0306812639377467
2019-07-30,95.19000244140625,99.3499984741211,94.02999877929688,0.06614132023445386,95.48999786376953,1635500,2019-07-30,1.03795020402492
2019-07-31,96.43000030517578,97.5,93.5,0.06618082782105565,95.51000213623047,1514700,2019-07-31,1.037801827127048
2019-08-01,95.75,98.66000366210938,93.80000305175781,0.06537108804074314,95.0999984741211,1530400,2019-08-01,1.040842931052161
2019-08-02,94.91999816894531,96.0,92.56600189208984,0.06252715958232254,93.66000366210938,1117100,2019-08-02,1.05152374754151
2019-08-05,90.69999694824219,91.19000244140625,87.29000091552734,0.054686576159838476,89.69000244140625,1774400,2019-08-05,1.0809702803672663
2019-08-06,91.5,92.29000091552734,88.0999984741211,0.056148040441785826,90.43000030517578,1028700,2019-08-06,1.0754815235193225
2019-08-07,89.0199966430664,93.16000366210938,88.0199966430664,0.060137447827986815,92.44999694824219,996100,2019-08-07,1.060498682418977
2019-08-08,93.56999969482422,95.83999633789062,93.0199966430664,0.06669430590504317,95.7699966430664,925600,2019-08-08,1.035873380168358
2019-08-09,94.79000091552734,95.48999786376953,93.30999755859375,0.06359362333689937,94.19999694824219,800500,2019-08-09,1.0475184767262578
2019-08-12,93.05000305175781,94.18000030517578,91.11000061035156,0.05956472343182605,92.16000366210938,779300,2019-08-12,1.0626496381352695
2019-08-13,92.05999755859375,96.2229995727539,92.05999755859375,0.06606232012897977,95.44999694824219,1167200,2019-08-13,1.0382469012314584
2019-08-14,93.19999694824219,94.52200317382812,89.88999938964844,0.06053244835535733,92.6500015258789,1265700,2019-08-14,1.0590151963862857
2019-08-15,92.7699966430664,93.44000244140625,89.69000244140625,0.0565627796947278,90.63999938964844,1079800,2019-08-15,1.073923905626901
2019-08-16,92.12000274658203,95.0,92.08000183105469,0.06029544803893501,92.52999877929688,1259300,2019-08-16,1.0599052880059006
2019-08-19,94.18000030517578,96.19999694824219,92.88999938964844,0.06155941959106183,93.16999816894531,1226000,2019-08-19,1.0551582458796998
2019-08-20,93.0,93.56999969482422,91.13999938964844,0.058083505356577816,91.41000366210938,746100,2019-08-20,1.0682125834321492
2019-08-21,92.86000061035156,94.18099975585938,92.35399627685547,0.061243434236894836,93.01000213623047,760000,2019-08-21,1.056344978116647
2019-08-22,93.4800033569336,95.5,91.56999969482422,0.06296163756083596,93.87999725341797,883000,2019-08-22,1.0498919977893582
2019-08-23,93.13999938964844,94.12999725341797,90.41000366210938,0.05851798333509124,91.62999725341797,1368400,2019-08-23,1.0665808336799973
2019-08-26,92.33000183105469,93.5,91.44999694824219,0.05877473744481444,91.76000213623047,697400,2019-08-26,1.0656165536114464
2019-08-27,92.5999984741211,93.69000244140625,90.44000244140625,0.058715491132641226,91.7300033569336,825800,2019-08-27,1.0658390623690486
2019-08-28,91.16000366210938,91.37999725341797,88.71099853515625,0.05561480856449742,90.16000366210938,1148300,2019-08-28,1.0774841589269486
2019-08-29,91.5,92.68000030517578,90.69999694824219,0.057017026534271556,90.87000274658203,851800,2019-08-29,1.0722179108366072
2019-08-30,91.81999969482422,92.41999816894531,89.0199966430664,0.05859698344056534,91.66999816894531,1186100,2019-08-30,1.066284136473459
2019-09-03,91.5,94.23999786376953,90.75,0.060157201621287695,92.45999908447266,1538900,2019-09-03,1.0604244939700411
2019-09-04,93.94999694824219,96.0,93.18000030517578,0.062270405472599336,93.52999877929688,2400700,2019-09-04,1.052488027610061
2019-09-05,94.23999786376953,94.37999725341797,88.51000213623047,0.06061144846083143,92.69000244140625,4991800,2019-09-05,1.0587184991797474
2019-09-06,92.0,96.5,84.86000061035156,0.04623376075459189,85.41000366210938,7289700,2019-09-06,1.1127161458071868
2019-09-09,85.75,85.94000244140625,77.19999694824219,0.03288304428405685,78.6500015258789,6713800,2019-09-09,1.16285684192804
2019-09-10,77.0,81.22100067138672,76.80999755859375,0.0362404658941944,80.3499984741211,2813200,2019-09-10,1.150247521890795
2019-09-11,80.0,81.86000061035156,78.5,0.036951451775731906,80.70999908447266,2013600,2019-09-11,1.1475773036211563
2019-09-12,81.44999694824219,82.6500015258789,79.9000015258789,0.03857091626862748,81.52999877929688,1955100,2019-09-12,1.1414951523601362
2019-09-13,81.56999969482422,82.47599792480469,78.2699966430664,0.03327802974369791,78.8499984741211,1416800,2019-09-13,1.1613734124845545
2019-09-16,78.5,80.98999786376953,78.26000213623047,0.03687245167025781,80.66999816894531,1630100,2019-09-16,1.1478740008276946
2019-09-17,81.48999786376953,84.81999969482422,79.52999877929688,0.04471303509274187,84.63999938964844,2539900,2019-09-17,1.1184274680019386
2019-09-18,84.4000015258789,86.0,83.5,0.04453529615622222,84.55000305175781,1835400,2019-09-18,1.1190949942747452
2019-09-19,85.19999694824219,85.3499984741211,83.25,0.04467354257386953,84.62000274658203,1266600,2019-09-19,1.1185757883106047
2019-09-20,85.0,85.3499984741211,81.5,0.040743366432112335,82.62999725341797,2050100,2019-09-20,1.1333361772425539
2019-09-23,82.29000091552734,83.5999984741211,81.80000305175781,0.04072362770654091,82.62000274658203,677000,2019-09-23,1.133410309102284
2019-09-24,82.43000030517578,82.93000030517578,79.45999908447266,0.03558872632483011,80.0199966430664,2145400,2019-09-24,1.1526952314028316
2019-09-25,79.12000274658203,79.98999786376953,76.08000183105469,0.03475924781894617,79.5999984741211,1924100,2019-09-25,1.1558104671876748
2019-09-26,79.25,80.62000274658203,78.61499786376953,0.035055494447541705,79.75,920000,2019-09-26,1.1546978668104577
2019-09-27,79.69000244140625,79.82499694824219,75.08999633789062,0.027728404176774593,76.04000091552734,2347400,2019-09-27,1.182215896088318
2019-09-30,76.12999725341797,77.0,74.29000091552734,0.028044389530941585,76.19999694824219,1356500,2019-09-30,1.1810291638513706
2019-10-01,76.43000030517578,77.48999786376953,75.20999908447266,0.02727415733723086,75.80999755859375,1378100,2019-10-01,1.1839218908786115
2019-10-02,74.5,75.77999877929688,73.66000366210938,0.023403242575376307,73.8499984741211,1388700,2019-10-02,1.1984597144637525
2019-10-03,73.9000015258789,78.48999786376953,73.38999938964844,0.02928862235749695,76.83000183105469,2605800,2019-10-03,1.1763562535849
2019-10-04,77.0,77.78299713134766,75.27999877929688,0.028696129100305875,76.52999877929688,1799500,2019-10-04,1.1785814543393343
2019-10-07,76.98999786376953,77.43000030517578,75.0,0.02960460771166394,76.98999786376953,1432200,2019-10-07,1.1751695213479527
2019-10-08,76.01000213623047,76.35399627685547,72.58000183105469,0.02288974942365936,73.58999633789062,3156600,2019-10-08,1.2003882180116485
2019-10-09,74.22000122070312,75.05999755859375,72.75,0.02144803893501289,72.86000061035156,1490100,2019-10-09,1.205802786410656
2019-10-10,72.86000061035156,73.77999877929688,71.01000213623047,0.017794370696279774,71.01000213623047,2282200,2019-10-10,1.219524706825118
2019-10-11,71.37000274658203,72.88999938964844,70.9020004272461,0.01846584899121552,71.3499984741211,2391800,2019-10-11,1.2170028654533516
2019-10-14,70.45999908447266,71.23999786376953,69.55000305175781,0.017379631443337804,70.80000305175781,2218100,2019-10-14,1.2210823247175397
2019-10-15,68.76000213623047,71.2699966430664,68.37999725341797,0.017991863426100305,71.11000061035156,10576600,2019-10-15,1.2187829921033753
2019-10-16,69.69999694824219,69.94999694824219,66.51000213623047,0.011237512619223414,67.69000244140625,6061400,2019-10-16,1.2441500090757374
2019-10-17,67.08999633789062,68.0,66.76000213623047,0.009934033480494833,67.02999877929688,3496800,2019-10-17,1.2490454280998105
2019-10-18,66.26000213623047,66.93000030517578,64.52999877929688,0.008057829945605485,66.08000183105469,4819400,2019-10-18,1.2560918028401755
2019-10-21,65.29000091552734,66.5,64.15799713134766,0.007445582895113531,65.7699966430664,3076500,2019-10-21,1.258391192043546
2019-10-22,64.19999694824219,64.5999984741211,61.02000045776367,0.0,62.0,4584700,2019-10-22,1.2863542388366107
2019-10-23,61.33000183105469,63.7400016784668,60.96799850463867,0.00011850015821116,62.060001373291016,3589200,2019-10-23,1.2859091930268032
2019-10-24,63.0,65.94000244140625,62.7599983215332,0.004976886103033137,64.5199966430664,3433300,2019-10-24,1.2676627675383454
2019-10-25,64.33000183105469,64.98999786376953,62.790000915527344,0.002863689785586196,63.45000076293945,1921900,2019-10-25,1.2755992056037226
2019-10-28,63.959999084472656,67.47000122070312,62.2599983215332,0.009005801075835887,66.55999755859375,3509300,2019-10-28,1.252531549540128
2019-10-29,65.7699966430664,67.11000061035156,64.80000305175781,0.006892597224524219,65.48999786376953,1825300,2019-10-29,1.260468015900108
2019-10-30,65.97000122070312,70.08999633789062,65.66000366210938,0.015799659469314567,70.0,4670300,2019-10-30,1.2270161556698937
2019-10-31,69.5199966430664,70.08000183105469,66.5999984741211,0.015582412946193128,69.88999938964844,3405300,2019-10-31,1.2278320588405727
2019-11-01,69.86000061035156,70.55000305175781,68.0199966430664,0.01656989166302529,70.38999938964844,3561800,2019-11-01,1.2241234286426528
2019-11-04,70.80999755859375,70.8499984741211,69.01000213623047,0.016036659785736887,70.12000274658203,1563100,2019-11-04,1.226126064050279
2019-11-05,70.70999908447266,70.8499984741211,66.68000030517578,0.009657540645200177,66.88999938964844,1805900,2019-11-05,1.2500838400280914
2019-11-06,66.94999694824219,67.12999725341797,65.36000061035156,0.009539048020853744,66.83000183105469,1327400,2019-11-06,1.250528857543296
2019-11-07,67.02999877929688,68.68000030517578,66.20999908447266,0.009499540434251955,66.80999755859375,1128200,2019-11-07,1.250677234441168
2019-11-08,66.54000091552734,70.0,66.5199966430664,0.01550341284071903,69.8499984741211,1472400,2019-11-08,1.228128756047111
2019-11-11,69.51000213623047,70.19000244140625,67.76000213623047,0.012619976795696666,68.38999938964844,1037500,2019-11-11,1.2389579494343321
2019-11-12,68.5,70.05000305175781,67.55999755859375,0.011849744601985915,68.0,1911000,2019-11-12,1.241850676461573
2019-11-13,68.0,68.50800323486328,66.87000274658203,0.011869498395286823,68.01000213623047,1987000,2019-11-13,1.241776488012637
2019-11-14,67.7699966430664,68.1500015258789,66.70999908447266,0.011336251450268967,67.73999786376953,932500,2019-11-14,1.2437791800094689
2019-11-15,68.12999725341797,71.0999984741211,67.91000366210938,0.015819413262615448,70.01000213623047,2311800,2019-11-15,1.2269419672209578
2019-11-18,70.47000122070312,71.13999938964844,68.77999877929688,0.01595765968026279,70.08000183105469,1676000,2019-11-18,1.2264227612568173
2019-11-19,70.19000244140625,70.33200073242188,68.19000244140625,0.01508867358777706,69.63999938964844,1704700,2019-11-19,1.2296863739395325
2019-11-20,69.25,71.70999908447266,68.55000305175781,0.017754863109678012,70.98999786376953,2780700,2019-11-20,1.2196730837229903
2019-11-21,71.5,71.94999694824219,69.58000183105469,0.015641659258366344,69.91999816894531,1127000,2019-11-21,1.2276095500829705
2019-11-22,72.0,74.0,71.1500015258789,0.022040532192203963,73.16000366210938,3051900,2019-11-22,1.2035775856562219
2019-11-25,73.80000305175781,75.05999755859375,72.86000061035156,0.024785721819579012,74.55000305175781,1936400,2019-11-25,1.1932675982331413
2019-11-26,75.0,75.7699966430664,74.76000213623047,0.025990447059532587,75.16000366210938,1836500,2019-11-26,1.1887430648645427
2019-11-27,75.80999755859375,75.83999633789062,73.36000061035156,0.023857489414920066,74.08000183105469,1355900,2019-11-27,1.1967537196734588
2019-11-29,74.0999984741211,74.94000244140625,73.86000061035156,0.024686967920804007,74.5,512600,2019-11-29,1.1936384838886156
2019-12-02,74.05999755859375,74.5,68.45999908447266,0.013686455618002927,68.93000030517578,3138600,2019-12-02,1.2349526220298739
2019-12-03,66.72000122070312,70.52999877929688,66.05000305175781,0.015839151988186903,70.0199966430664,2444200,2019-12-03,1.2268678353612277
2019-12-04,70.5,70.9000015258789,69.1500015258789,0.01572065936384047,69.95999908447266,2076500,2019-12-04,1.227312852876432
2019-12-05,70.02999877929688,70.75,69.22000122070312,0.015147919899950277,69.66999816894531,3672600,2019-12-05,1.2294638651819303
2019-12-06,64.26000213623047,65.08000183105469,62.11000061035156,0.0014614718158120765,62.7400016784668,11253600,2019-12-06,1.280865453694064
2019-12-09,62.38999938964844,67.2699966430664,62.33000183105469,0.007781337110310857,65.94000244140625,5234100,2019-12-09,1.2571302147684567
2019-12-10,65.48999786376953,65.83000183105469,63.38999938964844,0.0050756400018081155,64.56999969482422,3895700,2019-12-10,1.2672918818828711
2019-12-11,64.23999786376953,64.44999694824219,62.04999923706055,0.003001936203233538,63.52000045776367,3685600,2019-12-11,1.275079999639582
2019-12-12,63.4900016784668,64.2300033569336,62.119998931884766,0.000967732457395995,62.4900016784668,3317300,2019-12-12,1.2827197687930239
2019-12-13,62.5,63.75,62.02000045776367,0.0030414362559705727,63.540000915527344,2489400,2019-12-13,1.274931651036313
2019-12-16,63.59000015258789,66.38999938964844,63.560001373291016,0.008591061822893917,66.3499984741211,3282800,2019-12-16,1.2540891674325496
2019-12-17,66.62000274658203,66.62000274658203,65.4000015258789,0.008235568882125135,66.16999816894531,2301000,2019-12-17,1.2554242765673689
2019-12-18,66.22000122070312,68.13999938964844,66.04000091552734,0.01105975861497431,67.5999984741211,2237000,2019-12-18,1.24481759193775
2019-12-19,67.75,68.45999908447266,67.0999984741211,0.012205237542754668,68.18000030517578,1610500,2019-12-19,1.2405155673267536
2019-12-20,68.19999694824219,68.4800033569336,66.41500091552734,0.009736540750674275,66.93000030517578,2201400,2019-12-20,1.2497871428215532
2019-12-23,67.0199966430664,67.5,65.93000030517578,0.008196076363252827,66.1500015258789,1663500,2019-12-23,1.2555725968760352
2019-12-24,66.30000305175781,66.88500213623047,65.73999786376953,0.008808308346015328,66.45999908447266,562600,2019-12-24,1.2532732642618707
2019-12-26,66.5,68.19000244140625,66.30000305175781,0.010763511986378774,67.44999694824219,1387600,2019-12-26,1.245930192314967
2019-12-27,67.51000213623047,67.95999908447266,66.51000213623047,0.009163801286784082,66.63999938964844,955400,2019-12-27,1.2519381551270514
2019-12-30,66.55999755859375,67.18000030517578,65.5199966430664,0.009460047915379619,66.79000091552734,1162700,2019-12-30,1.2508255547498341
2019-12-31,66.37999725341797,68.18000030517578,66.30999755859375,0.01192874470746004,68.04000091552734,1351400,2019-12-31,1.2415539792550347
2020-01-02,68.80000305175781,69.23500061035156,68.0199966430664,0.013271716365060957,68.72000122070312,1315500,2020-01-02,1.2365102399222956
2020-01-03,67.62000274658203,68.68000030517578,67.0999984741211,0.010427772838910901,67.27999877929688,1127900,2020-01-03,1.2471911130008504
2020-01-06,66.62999725341797,70.49500274658203,65.81199645996094,0.016431645245377977,70.31999969482422,3151600,2020-01-06,1.2246426346067933
2020-01-07,70.29000091552734,72.83899688720703,69.37000274658203,0.01955208160682266,71.9000015258789,6985400,2020-01-07,1.2129233495999574
2020-01-08,71.80999755859375,73.29000091552734,71.02999877929688,0.02083580695225036,72.55000305175781,2482300,2020-01-08,1.2081021190248205
2020-01-09,73.98999786376953,74.0,71.3499984741211,0.020974053369897674,72.62000274658203,2772000,2020-01-09,1.2075829130606799
2020-01-10,73.08000183105469,73.80000305175781,72.25,0.021902270706827195,73.08999633789062,1655100,2020-01-10,1.2040968482095682
2020-01-13,73.88999938964844,75.58000183105469,73.80000305175781,0.02375873551614506,74.02999877929688,3347100,2020-01-13,1.197124605328933
2020-01-14,74.31999969482422,75.11499786376953,72.26000213623047,0.022040532192203963,73.16000366210938,1909500,2020-01-14,1.2035775856562219
2020-01-15,73.27999877929688,77.77999877929688,73.19999694824219,0.02950586888061839,76.94000244140625,3963500,2020-01-15,1.175540350414221
2020-01-16,78.0,78.79000091552734,75.11000061035156,0.027866650594421935,76.11000061035156,2998300,2020-01-16,1.1816966901241774
2020-01-17,76.66000366210938,76.9000015258789,75.48999786376953,0.026780417978814766,75.55999755859375,1357400,2020-01-17,1.1857762059775716
2020-01-21,75.55999755859375,77.12000274658203,74.31999969482422,0.02909112962767639,76.7300033569336,1606700,2020-01-21,1.1770979683066427
2020-01-22,77.06999969482422,77.10600280761719,75.45999908447266,0.02674092545994243,75.54000091552734,1501600,2020-01-22,1.1859245262862377
2020-01-23,75.66999816894531,75.97000122070312,74.20999908447266,0.02462772160863079,74.47000122070312,1279000,2020-01-23,1.1938609926462178
2020-01-24,74.97000122070312,76.18499755859375,72.375,0.021724531770307517,73.0,1660200,2020-01-24,1.204764374482375
2020-01-27,71.33000183105469,72.13200378417969,70.31999969482422,0.016668645561800297,70.44000244140625,1750700,2020-01-27,1.2237525429871785
2020-01-28,71.0,72.4800033569336,70.26000213623047,0.018781849413111937,71.51000213623047,1598200,2020-01-28,1.2158160766271984
2020-01-29,72.51000213623047,74.13999938964844,71.21299743652344,0.022870010698087903,73.58000183105469,1373400,2020-01-29,1.2004623498713787
2020-01-30,73.0999984741211,74.80000305175781,72.55000305175781,0.024765968026278132,74.54000091552734,1425400,2020-01-30,1.1933417866820772
2020-01-31,74.2699966430664,76.66999816894531,73.30000305175781,0.02824189732849157,76.30000305175781,2521700,2020-01-31,1.180287392540422
2020-02-03,77.69000244140625,88.94000244140625,77.51000213623047,0.05067741498033661,87.66000366210938,12941300,2020-02-03,1.0960273099165476
2020-02-04,91.04000091552734,93.30000305175781,83.5,0.04698423915500173,85.79000091552734,10611000,2020-02-04,1.1098976072288818
2020-02-05,85.7699966430664,90.97000122070312,83.75499725341797,0.049354182048307146,86.98999786376953,5126800,2020-02-05,1.1009969173895566
2020-02-06,87.0,89.44000244140625,85.26000213623047,0.049887428993325,87.26000213623047,2410800,2020-02-06,1.0989942253927247
2020-02-07,87.2300033569336,90.5999984741211,86.80999755859375,0.05261286482739917,88.63999938964844,2636600,2020-02-07,1.0887584264185801
2020-02-10,89.08999633789062,89.9800033569336,86.91000366210938,0.05464706857323669,89.66999816894531,2071600,2020-02-10,1.0811186572651383
2020-02-11,90.0,90.5,87.93000030517578,0.05269186493287327,88.68000030517578,2731900,2020-02-11,1.0884617292120418
2020-02-12,88.66000366210938,89.5,86.5199966430664,0.05190187894586164,88.27999877929688,1671100,2020-02-12,1.0914286446882189
2020-02-13,87.61000061035156,91.93000030517578,87.0,0.05502231530730635,89.86000061035156,3406400,2020-02-13,1.079709359681383
2020-02-14,90.87999725341797,91.70999908447266,89.80999755859375,0.057175011677490326,90.94999694824219,2295000,2020-02-14,1.0716245730127365
2020-02-18,93.0199966430664,98.13999938964844,92.4000015258789,0.06791878493829766,96.38999938964844,5608200,2020-02-18,1.0312746583508232
2020-02-19,100.31999969482422,105.08000183105469,99.75,0.08280996579625417,103.93000030517578,7793800,2020-02-19,0.9753485081754879
2020-02-20,104.0,110.75,101.43000030517578,0.085495909111456,105.29000091552734,11293200,2020-02-20,0.9652610295100096
2020-02-21,104.02999877929688,104.29000091552734,98.08999633789062,0.07852431178145765,101.76000213623047,5519200,2020-02-21,0.9914439496530504
2020-02-24,97.80000305175781,110.0,97.0199966430664,0.0849429234408667,105.01000213623047,12172800,2020-02-24,0.9673378533665717
2020-02-25,108.5199966430664,111.80000305175781,104.46600341796875,0.08903108472584266,107.08000183105469,13425900,2020-02-25,0.951984126610752
2020-02-26,109.94300079345703,111.30000305175781,105.5999984741211,0.08863608419847215,106.87999725341797,6867500,2020-02-26,0.9534676126434435
2020-02-27,109.43000030517578,118.0,107.5999984741211,0.10180906173248754,113.55000305175781,13511800,2020-02-27,0.9039944427953969
2020-02-28,121.06999969482422,121.93000030517578,97.37000274658203,0.08492316964756581,105.0,21617100,2020-02-28,0.9674120418155078
2020-03-02,109.3499984741211,114.5,102.5,0.1009400756400018,113.11000061035156,10157400,2020-03-02,0.9072580554781121
2020-03-03,114.55000305175781,119.19999694824219,112.11000061035156,0.10955089125619662,117.47000122070312,11033700,2020-03-03,0.874918795625115
2020-03-04,118.51000213623047,119.97000122070312,113.11000061035156,0.10822767339189658,116.80000305175781,12102600,2020-03-04,0.8798883465089181
2020-03-05,110.25,129.8300018310547,110.0,0.12442231832085225,125.0,28149400,2020-03-05,0.8190668338987158
2020-03-06,119.6500015258789,122.0,107.0,0.1033297723266081,114.31999969482422,22975700,2020-03-06,0.898283177189851
2020-03-09,105.0,116.5,100.87999725341797,0.10220404719212862,113.75,14571300,2020-03-09,0.9025110133519113
2020-03-10,113.80000305175781,113.80000305175781,105.0,0.09181576687209005,108.48999786376953,10244000,2020-03-10,0.9415258188790052
2020-03-11,108.41000366210938,113.98999786376953,107.0,0.09539045007307849,110.30000305175781,12576700,2020-03-11,0.9281005390818755
2020-03-12,106.25,113.87100219726562,104.38999938964844,0.09375123178688204,109.47000122070312,12097900,2020-03-12,0.9342568787918318
2020-03-13,113.0,113.80000305175781,104.16000366210938,0.08980131691955338,107.47000122070312,9233500,2020-03-13,0.9490913995835111
2020-03-16,105.0,119.87000274658203,103.19999694824219,0.09057154911326414,107.86000061035156,17210700,2020-03-16,0.9461986725562701
2020-03-17,107.33000183105469,113.83000183105469,102.0,0.09697040697937227,111.0999984741211,18721500,2020-03-17,0.9221667647187274
2020-03-18,111.0,119.0,108.8499984741211,0.11199983425497613,118.70999908447266,13594300,2020-03-18,0.8657214085792516
2020-03-19,122.94999694824219,132.22999572753906,119.0999984741211,0.12199311404764417,123.7699966430664,16248400,2020-03-19,0.828190089084849
2020-03-20,129.0,135.97999572753906,124.0,0.13538333810478098,130.5500030517578,13872600,2020-03-20,0.7779010160661236
2020-03-23,141.9969940185547,164.94000244140625,137.25,0.19267684240661775,159.55999755859375,27681500,2020-03-23,0.5627263327270451
2020-03-24,154.0,155.0,133.8800048828125,0.14452737053053477,135.17999267578125,22401300,2020-03-24,0.7435591773947063
2020-03-25,140.10499572753906,149.0,136.1999969482422,0.15031401148160983,138.11000061035156,14743000,2020-03-25,0.7218265455821221
2020-03-26,140.50999450683594,146.64999389648438,138.1999969482422,0.15631786882034748,141.14999389648438,9252700,2020-03-26,0.6992781237772709
2020-03-27,145.6999969482422,154.97000122070312,145.60000610351562,0.17715367577259783,151.6999969482422,13271900,2020-03-27,0.6210260039654808
2020-03-30,160.75999450683594,161.69000244140625,147.1999969482422,0.1755342263474317,150.8800048828125,15762200,2020-03-30,0.6271080986372951
2020-03-31,147.02000427246094,149.7899932861328,143.35699462890625,0.16613340967649587,146.1199951171875,10023700,2020-03-31,0.6624143305556752
2020-04-01,144.5,144.60000610351562,135.17999267578125,0.14812180752482407,137.0,11453300,2020-04-01,0.7300597091486406
2020-04-02,125.30000305175781,133.48899841308594,114.5,0.11835919960221196,121.93000030517578,27313800,2020-04-02,0.8418378210503751
2020-04-03,124.30000305175781,128.47999572753906,120.11000061035156,0.13074217608148625,128.1999969482422,12238100,2020-04-03,0.7953316232677115
2020-04-06,113.62999725341797,125.17500305175781,108.52999877929688,0.12035391082917717,122.94000244140625,25378900,2020-04-06,0.8343463722055995
2020-04-07,118.00499725341797,118.44000244140625,109.57099914550781,0.10220404719212862,113.75,20166200,2020-04-07,0.9025110133519113
2020-04-08,115.0199966430664,125.87799835205078,112.5,0.11022236955113233,117.80999755859375,26243300,2020-04-08,0.8723969542533484
2020-04-09,117.80000305175781,125.5,114.0,0.12345459339732097,124.51000213623047,15513000,2020-04-09,0.8227012756476996
2020-04-13,127.0,136.86000061035156,125.60399627685547,0.14598884988021155,135.9199981689453,15411700,2020-04-13,0.7380703639575568
2020-04-14,141.07000732421875,145.1999969482422,139.00999450683594,0.15777934817002426,141.88999938964844,11679900,2020-04-14,0.6937893103401214
2020-04-15,141.7100067138672,152.57000732421875,140.0,0.1768771829373032,151.55999755859375,14193300,2020-04-15,0.6220644158937618
2020-04-16,149.9199981689453,154.25,146.8000030517578,0.1743097322464478,150.25999450683594,15138200,2020-04-16,0.6317068770440357
2020-04-17,147.91000366210938,153.78900146484375,144.02999877929688,0.17391474678680668,150.05999755859375,11328400,2020-04-17,0.6331903064875213
2020-04-20,153.3000030517578,155.0,148.25399780273438,0.1718015580032245,148.99000549316406,11218700,2020-04-20,0.6411267162582955
2020-04-21,151.4199981689453,154.75,138.36000061035156,0.16050479907182785,143.27000427246094,9709100,2020-04-21,0.683553454776771
2020-04-22,147.10000610351562,152.27999877929688,145.10000610351562,0.17428999352087632,150.25,6520700,2020-04-22,0.6317810089037659
2020-04-23,154.00999450683594,169.75,153.49000549316406,0.211498184338602,169.08999633789062,22159800,2020-04-23,0.4920398502089666
2020-04-24,177.14999389648438,181.5,158.3000030517578,0.19117588560579807,158.8000030517578,43814100,2020-04-24,0.568363409883655
2020-04-27,156.58999633789062,167.85000610351562,155.0,0.2026306447481429,164.60000610351562,19783700,2020-04-27,0.5253432769521029
2020-04-28,165.0,166.0,155.25,0.18706797052752122,156.72000122070312,13477800,2020-04-28,0.5837913250884107
2020-04-29,147.97999572753906,151.0,143.3800048828125,0.16684439555803338,146.47999572753906,22033300,2020-04-29,0.6597441122860365
2020-04-30,139.99000549316406,143.8000030517578,133.67999267578125,0.1445076318049633,135.1699981689453,16682300,2020-04-30,0.7436333092544365
2020-05-01,136.0,141.6300048828125,132.6699981689453,0.15120273629966702,138.55999755859375,13807000,2020-05-01,0.7184888010396767
2020-05-04,140.77000427246094,144.97999572753906,140.4499969482422,0.16084053821929573,143.44000244140625,9184700,2020-05-04,0.6822925340908876
2020-05-05,144.42999267578125,148.44000244140625,140.86000061035156,0.16356598912109932,144.82000732421875,7376300,2020-05-05,0.6720566785275373
2020-05-06,145.47000122070312,150.74000549316406,144.08999633789062,0.17298651438214774,149.58999633789062,6031100,2020-05-06,0.6366764279278389
2020-05-07,154.83999633789062,162.0,154.0399932861328,0.18920092817213374,157.8000030517578,8388900,2020-05-07,0.5757806702794945
2020-05-08,160.0,161.16000366210938,152.7050018310547,0.18446101225006406,155.39999389648438,7071800,2020-05-08,0.5935821631365567
2020-05-11,159.42999267578125,168.0,158.0,0.2063435442313198,166.47999572753906,10142700,2020-05-11,0.5113989043692445
2020-05-12,168.0,168.22999572753906,160.0500030517578,0.19559977097051245,161.0399932861328,7102600,2020-05-12,0.5517488190311578
2020-05-13,163.61000061035156,171.5,159.1699981689453,0.20764702337004837,167.13999938964844,11081300,2020-05-13,0.5065034853451715
2020-05-14,168.25999450683594,170.8000030517578,162.88999938964844,0.2091677490318984,167.91000366210938,6730500,2020-05-14,0.5007921631504197
2020-05-15,166.75,175.44000244140625,166.55999755859375,0.22283445085660042,174.8300018310547,8540500,2020-05-15,0.44946473479261906
2020-05-18,170.02999877929688,173.44000244140625,162.64199829101562,0.20280838368466259,164.69000244140625,9608300,2020-05-18,0.5246757506792962
2020-05-19,167.0,173.86000061035156,166.2100067138672,0.22056323172661113,173.67999267578125,8485500,2020-05-19,0.4579946521548817
2020-05-20,173.52999877929688,175.63999938964844,170.52999877929688,0.22411816113429867,175.47999572753906,6910000,2020-05-20,0.44464356080668804
2020-05-21,175.9600067138672,177.8000030517578,168.36000061035156,0.21730456401524856,172.02999877929688,5525300,2020-05-21,0.4702330865366523
2020-05-22,171.86000061035156,175.88999938964844,170.1999969482422,0.21538885289375742,171.05999755859375,4302200,2020-05-22,0.47742783817488965
2020-05-26,169.10000610351562,169.69000244140625,163.1199951171875,0.20144565823376076,164.0,6689700,2020-05-26,0.5297936784609714
2020-05-27,158.00999450683594,162.22000122070312,149.16000366210938,0.19743649705425892,161.97000122070312,10076700,2020-05-27,0.5448507080102528
2020-05-28,159.22999572753906,169.39999389648438,159.1999969482422,0.20055693341570358,163.5500030517578,6386800,2020-05-28,0.5331314230034169
2020-05-29,168.0,179.99000549316406,167.86000061035156,0.23201799086895597,179.47999572753906,15219600,2020-05-29,0.4149745192233297
2020-06-01,183.17999267578125,205.8699951171875,183.0,0.2807401871411997,204.14999389648438,24394400,2020-06-01,0.23199071883937614
2020-06-02,210.25,212.69000244140625,197.32000732421875,0.2885017855259391,208.0800018310547,36853400,2020-06-02,0.20284082663095238
2020-06-03,211.6999969482422,224.4600067138672,202.32000732421875,0.31968635014389685,223.8699951171875,32390100,2020-06-03,0.08572233477914626
2020-06-04,221.0,223.0,207.60000610351562,0.2929849473382856,210.35000610351562,20212600,2020-06-04,0.18600361384244116
2020-06-05,200.11000061035156,208.94000244140625,196.10000610351562,0.2875538143957087,207.60000610351562,16298700,2020-06-05,0.20640107993100007
2020-06-08,204.35000610351562,211.44000244140625,198.66000366210938,0.29195796103485167,209.8300018310547,10457500,2020-06-08,0.18986062093823305
2020-06-09,209.8300018310547,210.58999633789062,202.92999267578125,0.28326813024545333,205.42999267578125,7521800,2020-06-09,0.22249663458697438
2020-06-10,208.88999938964844,221.52999877929688,208.25999450683594,0.31405773953922883,221.02000427246094,12241100,2020-06-10,0.10686145900024205
2020-06-11,219.17999267578125,232.0,218.5,0.31613145087166816,222.07000732421875,17615800,2020-06-11,0.0990733129489281
2020-06-12,224.7899932861328,231.4499969482422,216.75,0.31109530338873237,219.52000427246094,8780400,2020-06-12,0.11798734959400145
2020-06-15,227.83999633789062,239.58999633789062,226.3800048828125,0.34960697334518664,239.02000427246094,13959100,2020-06-15,0.02664922812487076
2020-06-16,235.99000549316406,243.5,231.8209991455078,0.35659830940075643,242.55999755859375,11333300,2020-06-16,0.05290628012764175
2020-06-17,243.17999267578125,243.8800048828125,235.1199951171875,0.3451435502584116,236.75999450683594,11704300,2020-06-17,0.009886147196089712
2020-06-18,240.38999938964844,242.61000061035156,238.22000122070312,0.35464312082812244,241.57000732421875,9340900,2020-06-18,0.0455632647699441
2020-06-19,241.63999938964844,243.57000732421875,238.70399475097656,0.3584152666234725,243.47999572753906,10077500,2020-06-19,0.05973014611040477
2020-06-22,247.46499633789062,254.89999389648438,247.2899932861328,0.37380020190757457,251.27000427246094,11093700,2020-06-22,0.11751066797390587
2020-06-23,251.25999450683594,254.77499389648438,247.57000732421875,0.3768416230958157,252.80999755859375,8791500,2020-06-23,0.12893319918499765
2020-06-24,254.5,258.75,248.60000610351562,0.3829442343333283,255.89999389648438,9862800,2020-06-24,0.15185250664532318
2020-06-25,258.2300109863281,260.2900085449219,252.66000366210938,0.39007386200973376,259.510009765625,7490500,2020-06-25,0.17862893437985242
2020-06-26,260.5199890136719,261.6199951171875,250.36000061035156,0.3847216839694427,256.79998779296875,17142900,2020-06-26,0.15852799573021412
2020-06-29,254.97000122070312,255.89999389648438,243.58999633789062,0.36844805400274233,248.55999755859375,8436400,2020-06-29,0.09740984250267935
2020-06-30,249.8699951171875,256.8299865722656,248.35000610351562,0.37828333358446214,253.5399932861328,6305500,2020-06-30,0.13434776758400527
2020-07-01,251.35000610351562,261.0,247.2100067138672,0.3893233685415945,259.1300048828125,6803300,2020-07-01,0.1758103392123416
2020-07-02,261.0,263.79998779296875,258.0,0.39447797851341787,261.739990234375,5629000,2020-07-02,0.19516928019420762
2020-07-06,265.0,275.0799865722656,259.32000732421875,0.3930165292991999,261.0,12250200,2020-07-06,0.18968057993546988
2020-07-07,261.54998779296875,266.45001220703125,258.1000061035156,0.3951889945304143,262.1000061035156,7819700,2020-07-07,0.19783961164225816
2020-07-08,263.79998779296875,268.52801513671875,261.2900085449219,0.40352331731131436,266.32000732421875,6012900,2020-07-08,0.2291404595669742
2020-07-09,269.010009765625,272.70001220703125,264.2200012207031,0.4098431449364895,269.5199890136719,5396000,2020-07-09,0.25287555701956677
2020-07-10,271.7699890136719,278.1600036621094,268.6400146484375,0.4223841366944416,275.8699951171875,6354800,2020-07-10,0.299975205804513
2020-07-13,278.6300048828125,281.0,256.3380126953125,0.39163403498726773,260.29998779296875,9293000,2020-07-13,0.1844884071156527
2020-07-14,260.9599914550781,265.3299865722656,240.4499969482422,0.3910613407265659,260.010009765625,8713100,2020-07-14,0.18233756457777223
2020-07-15,253.6999969482422,257.5,248.1199951171875,0.3835762351771212,256.2200012207031,6073600,2020-07-15,0.15422608429762952
2020-07-16,250.38999938964844,253.0,243.42999267578125,0.36840854641614057,248.5399932861328,5420100,2020-07-16,0.09726146560480727
2020-07-17,247.1699981689453,250.93699645996094,241.2899932861328,0.3644586315488119,246.5399932861328,4626600,2020-07-17,0.08242694481312805
2020-07-20,246.48699951171875,271.3500061035156,245.99000549316406,0.4079866801271717,268.5799865722656,9784900,2020-07-20,0.24590331413893166
2020-07-21,268.75,269.75,258.20001220703125,0.3919105579580214,260.44000244140625,4756600,2020-07-21,0.1855269322223456
2020-07-22,261.95001220703125,265.3999938964844,255.80999755859375,0.39337200717223925,261.17999267578125,4581600,2020-07-22,0.19101563248108333
2020-07-23,260.8399963378906,264.8999938964844,249.2100067138672,0.3742544336793889,251.5,4589400,2020-07-23,0.11921660617499368
2020-07-24,246.1999969482422,250.2100067138672,237.1999969482422,0.3644981391354137,246.55999755859375,4303200,2020-07-24,0.08257532171100015
2020-07-27,249.27999877929688,252.97000122070312,246.22000122070312,0.37589365196558533,252.3300018310547,3328600,2020-07-27,0.12537294588494996
2020-07-28,252.6999969482422,258.9100036621094,251.32000732421875,0.37559739026926037,252.17999267578125,3366200,2020-07-28,0.12426028891852693
2020-07-29,255.5500030517578,259.92999267578125,251.14999389648438,0.37601214458993176,252.38999938964844,3333700,2020-07-29,0.12581796340015444
2020-07-30,250.31399536132812,256.32598876953125,239.32000732421875,0.3712919975288924,250.0,7926100,2020-07-30,0.10809071558123427
2020-07-31,253.5,255.1999969482422,248.36000061035156,0.37901408832703004,253.91000366210938,3378800,2020-07-31,0.13709223089178593
2020-08-03,256.8299865722656,271.1000061035156,256.1099853515625,0.4068412313348501,268.0,6779300,2020-08-03,0.24160140270634708
2020-08-04,268.0,269.19000244140625,262.0,0.4055377521961216,267.3399963378906,3087300,2020-08-04,0.2367059836822741
2020-08-05,266.2900085449219,275.093994140625,262.5199890136719,0.4165185107056218,272.8999938964844,4514900,2020-08-05,0.2779459333745964
2020-08-06,273.8699951171875,274.4800109863281,263.9100036621094,0.40733497069326624,268.25,3602900,2020-08-06,0.24345571780530698
2020-08-07,266.45001220703125,268.0,252.7899932861328,0.38853339762231226,258.7300109863281,5024700,2020-08-07,0.17284348032537047
2020-08-10,259.1400146484375,261.44000244140625,244.5399932861328,0.3712919975288924,250.0,5714000,2020-08-10,0.10809071558123427
2020-08-11,245.47999572753906,245.47999572753906,230.0,0.33384679132701495,231.0399932861328,9730500,2020-08-11,0.032540591322385744
2020-08-12,232.3000030517578,239.39999389648438,230.75,0.3450645652206669,236.72000122070312,3924600,2020-08-12,0.009589506578757321
2020-08-13,238.14999389648438,250.10000610351562,238.14999389648438,0.3658608645863155,247.25,4749700,2020-08-13,0.08769324949267537
2020-08-14,249.44000244140625,252.42999267578125,242.39999389648438,0.3612394714240511,244.91000366210938,3662800,2020-08-14,0.07033688732922953
2020-08-17,248.6999969482422,267.94000244140625,248.50999450683594,0.4031875480283876,266.1499938964844,8959200,2020-08-17,0.2278794257026791
2020-08-18,271.7200012207031,277.7799987792969,265.5,0.4242208326427291,276.79998779296875,6517000,2020-08-18,0.3068732036470061
2020-08-19,274.68499755859375,279.5899963378906,270.3219909667969,0.4177232660810342,273.510009765625,4674000,2020-08-19,0.28247057992160685
2020-08-20,274.45001220703125,290.8800048828125,273.989990234375,0.45165302032636706,290.69000244140625,9318400,2020-08-20,0.4098990591964935
2020-08-21,291.0,295.9700012207031,286.9440002441406,0.4496582940316724,289.67999267578125,5250100,2020-08-21,0.40240755376251197
2020-08-24,293.0,293.8699951171875,274.1059875488281,0.43504362107673994,282.2799987792969,6463500,2020-08-24,0.3475198721046636
2020-08-25,279.0,293.72198486328125,275.80999755859375,0.45115928096795094,290.44000244140625,4602900,2020-08-25,0.4080447440975336
2020-08-26,293.0,302.0,290.8500061035156,0.46069829885334584,295.2699890136719,5692100,2020-08-26,0.4438700122124365
2020-08-27,295.69000244140625,301.5199890136719,290.3299865722656,0.459533081199994,294.67999267578125,5560600,2020-08-27,0.43949385574170996
2020-08-28,299.2200012207031,303.5799865722656,297.260009765625,0.46859812858800315,299.2699890136719,5342300,2020-08-28,0.47353905379579486
2020-08-31,304.010009765625,325.8999938964844,301.2699890136719,0.5196113128512665,325.1000061035156,23468100,2020-08-31,0.6651270165801529
2020-09-01,439.510009765625,478.0,410.67999267578125,0.7814709117483087,457.69000244140625,53226200,2020-09-01,1.6485815453017068
2020-09-02,445.6700134277344,445.6700134277344,410.0,0.7140656048939986,423.55999755859375,18866800,2020-09-02,1.3954304117746095
2020-09-03,399.54998779296875,409.8999938964844,367.0,0.6306434221827114,381.32000732421875,20304300,2020-09-03,1.0821254050885283
2020-09-04,375.5,386.010009765625,346.760009765625,0.6080696731809485,369.8900146484375,13230100,2020-09-04,0.9973461730897193
2020-09-08,350.70001220703125,365.5,345.67999267578125,0.570525713080296,350.8800048828125,7966500,2020-09-08,0.8563439805306249
2020-09-09,369.75,394.79901123046875,362.12298583984375,0.6470947910859314,389.6499938964844,17325800,2020-09-09,1.1439110845888698
2020-09-10,400.0,407.82000732421875,378.3599853515625,0.6368842949056007,384.4800109863281,11932100,2020-09-10,1.1055639751022002
2020-09-11,389.1300048828125,400.75,373.04998779296875,0.6339613362062472,383.0,9297600,2020-09-11,1.094586348227901
2020-09-14,391.7449951171875,404.3599853515625,386.1300048828125,0.6744677324573961,403.510009765625,7963100,2020-09-14,1.2467144313807548
2020-09-15,410.0,413.5,391.04998779296875,0.6891416517245017,410.94000244140625,8495600,2020-09-15,1.3018246217962055
2020-09-16,406.27398681640625,419.4200134277344,404.2200012207031,0.6836710413307819,408.1700134277344,6739800,2020-09-16,1.2812788919881863
2020-09-17,389.0,417.82000732421875,387.0,0.6934569288953849,413.125,9260400,2020-09-17,1.318031317652569
2020-09-18,419.79998779296875,442.0,407.5,0.7440257356818902,438.7300109863281,22315700,2020-09-18,1.5079503515764985
2020-09-21,434.0,470.0,434.0,0.8027609504723734,468.4700012207031,16843800,2020-09-21,1.7285396033145848
2020-09-22,477.0,494.8999938964844,458.75,0.8504166829900404,492.6000061035156,16440600,2020-09-22,1.9075181328832862
2020-09-23,489.489990234375,529.739990234375,483.25299072265625,0.8660780809739782,500.5299987792969,27051300,2020-09-23,1.9663369534966566
2020-09-24,487.010009765625,502.25,457.69000244140625,0.7958683683155786,464.9800109863281,17896600,2020-09-24,1.702653436967288
2020-09-25,474.8699951171875,500.0,474.8699951171875,0.8581190049271477,496.5,12906800,2020-09-25,1.936445403155696
2020-09-28,502.4100036621094,519.77001953125,479.57000732421875,0.8406603884460652,487.6600036621094,17621300,2020-09-28,1.8708768484192926
2020-09-29,488.1300048828125,489.79998779296875,463.0,0.7968953244835537,465.5,15211300,2020-09-29,1.706510330884668
2020-09-30,464.2099914550781,481.55499267578125,462.0,0.8059998493227056,470.1099853515625,8971100,2020-09-30,1.7407037926582134
2020-10-01,477.0,483.7300109863281,465.0,0.831437310711649,482.989990234375,7859300,2020-10-01,1.836238142773719
2020-10-02,485.0050048828125,507.489990234375,481.0,0.8299363840462882,482.2300109863281,12791700,2020-10-02,1.8306011787955212
2020-10-05,493.9700012207031,496.8999938964844,475.260009765625,0.8361377190471169,485.3699951171875,7534700,2020-10-05,1.8538912587329093
2020-10-06,480.510009765625,487.8999938964844,473.2229919433594,0.8220760317627738,478.25,6097700,2020-10-06,1.801080400931623
2020-10-07,482.5,487.5,477.1099853515625,0.826736902376181,480.6099853515625,4449500,2020-10-07,1.8185850268145292
2020-10-08,484.0,489.489990234375,475.5799865722656,0.822668494884506,478.54998779296875,4193100,2020-10-08,1.8033054885076454
2020-10-09,487.989990234375,498.8999938964844,484.0799865722656,0.8500414362559707,492.4100036621094,8719700,2020-10-09,1.9061088352995308
2020-10-12,501.42999267578125,506.1099853515625,490.4779968261719,0.8483232329320296,491.5400085449219,6979500,2020-10-12,1.8996558549722422
2020-10-13,494.0,520.0,493.0,0.9021407627284646,518.7899780273438,8941500,2020-10-13,2.101775974402048
2020-10-14,518.780029296875,519.7999877929688,498.6000061035156,0.8832997122063677,509.25,8308900,2020-10-14,2.031015473202651
2020-10-15,509.0799865722656,540.0499877929688,506.5,0.9369198547470883,536.4000244140625,16520600,2020-10-15,2.232394274035155
2020-10-16,544.0,565.4500122070312,543.25,0.9815538445311678,559.0,13745800,2020-10-16,2.400024177895671
2020-10-19,572.5,588.8400268554688,562.5499877929688,1.0000000000000002,568.3400268554688,15193200,2020-10-19,2.4693015891868177
2020-10-20,572.3300170898438,575.6900024414062,534.5900268554688,0.9381443187126133,537.02001953125,12098200,2020-10-20,2.2369929392634837
2020-10-21,535.8800048828125,551.6599731445312,511.7799987792969,0.8910810493166785,513.1900024414062,9215400,2020-10-21,2.0602394972708047
2020-10-22,521.780029296875,530.4299926757812,503.4700012207031,0.9055969382373772,520.5399780273438,8100900,2020-10-22,2.114756180094767
2020-10-23,522.3300170898438,527.0,505.4100036621094,0.8877828438832553,511.5199890136719,5377100,2020-10-23,2.0478525728127503
2020-10-26,520.489013671875,541.10498046875,510.30999755859375,0.9001658052948003,517.7899780273438,10080800,2020-10-26,2.094358714006208
2020-10-27,525.219970703125,540.0,513.2999877929688,0.9420349269968509,538.989990234375,7227600,2020-10-27,2.251604724940737
2020-10-28,549.5,553.8590087890625,511.5,0.8966504437446323,516.010009765625,8810100,2020-10-28,2.0811562259127103
2020-10-29,521.1900024414062,525.4550170898438,483.5,0.8446497807645367,489.67999267578125,9207600,2020-10-29,1.885859632930432
2020-10-30,481.5,495.95001220703125,457.0199890136719,0.7878302770955445,460.9100036621094,8697800,2020-10-30,1.6724651328305833
2020-11-02,462.2900085449219,477.0,440.0,0.7722083565627497,453.0,8051900,2020-11-02,1.6137945759366732
2020-11-03,456.3280029296875,461.8800048828125,445.010009765625,0.7692656892732835,451.510009765625,6497000,2020-11-03,1.6027429303810556
2020-11-04,471.9200134277344,484.94000244140625,455.3999938964844,0.8328395738846115,483.70001220703125,8048500,2020-11-04,1.8415045606316782
2020-11-05,497.989990234375,499.3500061035156,480.760986328125,0.8585732668344208,496.7300109863281,6379900,2020-11-05,1.9381514545351957
2020-11-06,494.6600036621094,505.8800048828125,482.7300109863281,0.8652485723326353,500.1099853515625,4266000,2020-11-06,1.9632216045334017
2020-11-09,433.0,446.4700012207031,402.0,0.6936840297135626,413.239990234375,18033500,2020-11-09,1.318884230163907
2020-11-10,412.5039978027344,414.45001220703125,366.2799987792969,0.6201564030316272,376.010009765625,20751900,2020-11-10,1.0427397704951658
2020-11-11,391.6499938964844,419.79998779296875,385.0,0.6938815375111126,413.3399963378906,16691100,2020-11-11,1.3196260014748558
2020-11-12,427.8500061035156,435.75,419.6099853515625,0.7240984224087273,428.6400146484375,14910000,2020-11-12,1.4331102213452958
2020-11-13,425.989990234375,428.468994140625,396.8699951171875,0.6746059336718551,403.5799865722656,11732200,2020-11-13,1.2472334675772776
2020-11-16,382.6000061035156,400.79998779296875,375.1000061035156,0.6658568867057424,399.1499938964844,12054400,2020-11-16,1.214375058349346
2020-11-17,406.2900085449219,411.5,396.32000732421875,0.6707548028387603,401.6300048828125,6972100,2020-11-17,1.2327699456194847
2020-11-18,399.0,423.5,390.2200012207031,0.697238989256709,415.0400085449219,10974200,2020-11-18,1.3322354346905125
2020-11-19,408.989990234375,427.8900146484375,407.5,0.6957577711814608,414.2900085449219,8007000,2020-11-19,1.3266724893936328
2020-11-20,418.54998779296875,445.29998779296875,415.55999755859375,0.7457439390058314,439.6000061035156,12586600,2020-11-20,1.5144033319037873
2020-11-23,432.010009765625,436.51300048828125,417.8800048828125,0.7273373212590596,430.2799987792969,8486000,2020-11-23,1.4452744106889244
2020-11-24,421.5050048828125,438.8320007324219,420.010009765625,0.7219456657676255,427.54998779296875,6148400,2020-11-24,1.4250252083198258
2020-11-25,435.8500061035156,448.4800109863281,433.3299865722656,0.7538807539891815,443.7200012207031,8763700,2020-11-25,1.5449624085175546
2020-11-27,453.989990234375,472.0400085449219,449.0,0.8089622854732021,471.6099853515625,7276400,2020-11-27,1.7518296832519729
2020-11-30,485.70001220703125,486.8299865722656,460.0,0.8222932481504364,478.3599853515625,16646500,2020-11-30,1.80189619092389
2020-12-01,434.7200012207031,434.989990234375,401.7200012207031,0.6799975891632891,406.30999755859375,20837500,2020-12-01,1.2674826699463764
2020-12-02,399.0,424.54998779296875,394.57000732421875,0.6929335362454233,412.8599853515625,10962800,2020-12-02,1.3160656349963962
2020-12-03,413.0,419.1700134277344,405.0199890136719,0.6942765531062125,413.5400085449219,6306700,2020-12-03,1.321109544096753
2020-12-04,409.260009765625,418.8800048828125,408.1860046386719,0.6873049557762142,410.010009765625,4447300,2020-12-04,1.2949266239537123
2020-12-07,411.0,416.79998779296875,405.4540100097656,0.6830390404869892,407.8500061035156,4427300,2020-12-07,1.27890531433588
2020-12-08,408.8699951171875,419.5,406.75,0.6912351017825125,412.0,5319400,2020-12-08,1.3096868997072495
2020-12-09,406.74798583984375,409.989990234375,381.5,0.6386222068196544,385.3599853515625,8956700,2020-12-09,1.1120909741108072
2020-12-10,382.7300109863281,399.0,380.2699890136719,0.6635066825380085,397.9599914550781,4572100,2020-12-10,1.205548500369751
2020-12-11,395.3500061035156,397.3389892578125,384.614013671875,0.661630509138578,397.010009765625,4677400,2020-12-11,1.1985022388077975
2020-12-14,388.95001220703125,396.75,376.67999267578125,0.6596160139828531,395.989990234375,6820100,2020-12-14,1.190936488335674
2020-12-15,398.5050048828125,410.32000732421875,395.0799865722656,0.6664098723763318,399.42999267578125,5144700,2020-12-15,1.216451882205908
2020-12-16,400.4859924316406,406.5580139160156,393.4599914550781,0.675435442313198,404.0,4158500,2020-12-16,1.2503488165405328
2020-12-17,408.7200012207031,409.0299987792969,399.55999755859375,0.67073503397773,401.6199951171875,3792500,2020-12-17,1.2326957005813426
2020-12-18,403.79998779296875,408.1099853515625,398.25,0.6794051260415569,406.010009765625,6174800,2020-12-18,1.2652575823703538
2020-12-21,418.07000732421875,427.7590026855469,404.5799865722656,0.6852509831693463,408.9700012207031,8557400,2020-12-21,1.2872126097621286
2020-12-22,408.5,413.5,396.5,0.6853102294815195,409.0,4211000,2020-12-22,1.2874351185197308
2020-12-23,402.0,402.6000061035156,378.5799865722656,0.6356993083912186,383.8800048828125,9554400,2020-12-23,1.1011135735933317
2020-12-24,383.8800048828125,384.8800048828125,375.0,0.6184974460198593,375.1700134277344,3850700,2020-12-24,1.0365092989254794
2020-12-28,370.3999938964844,373.2799987792969,349.0199890136719,0.5715329606581585,351.3900146484375,9454800,2020-12-28,0.8601268557666867
2020-12-29,350.6600036621094,359.9070129394531,350.1300048828125,0.5761938312715658,353.75,6080300,2020-12-29,0.8776314816495928
2020-12-30,358.4200134277344,358.70001220703125,345.3999938964844,0.5755025841155997,353.3999938964844,5474500,2020-12-30,0.8750353952396842
2020-12-31,351.7699890136719,351.8299865722656,336.1000061035156,0.5437452951014813,337.32000732421875,6559700,2020-12-31,0.7557659476715859
2021-01-04,340.3999938964844,363.0899963378906,339.20001220703125,0.5884978377808249,359.9800109863281,8598300,2021-01-04,0.9238410954041301
2021-01-05,360.3900146484375,365.010009765625,349.0,0.5901765033827053,360.8299865722656,4983500,2021-01-05,0.9301455856551348
2021-01-06,351.0,352.94000244140625,341.9200134277344,0.5577477360736511,344.4100036621094,7124600,2021-01-06,0.8083542967152698
2021-01-07,346.0,354.4800109863281,341.6000061035156,0.5539755601428422,342.5,5601200,2021-01-07,0.7941873021963973
2021-01-08,345.20001220703125,350.0,340.3399963378906,0.5680174785661549,349.6099853515625,5009200,2021-01-08,0.8469239149595416
2021-01-11,344.9800109863281,349.9599914550781,336.8500061035156,0.5445154971597331,337.7099914550781,3360400,2021-01-11,0.758658561520415
2021-01-12,333.20001220703125,358.8999938964844,331.1000061035156,0.5822371961969052,356.80999755859375,8934400,2021-01-12,0.900328280352316
2021-01-13,360.0,384.2300109863281,348.6510009765625,0.5976813777931804,364.6300048828125,14056500,2021-01-13,0.9583313109734194
2021-01-14,371.0,384.95001220703125,370.5,0.6344353067036329,383.239990234375,9311000,2021-01-14,1.0963664182887192
2021-01-15,397.7099914550781,404.44000244140625,382.07000732421875,0.6369830186689168,384.5299987792969,12799500,2021-01-15,1.1059347475792627
2021-01-19,391.010009765625,396.7699890136719,385.510009765625,0.6554291138668316,393.8699951171875,5709400,2021-01-19,1.1752119325135857
2021-01-20,399.1099853515625,399.5299987792969,378.3190002441406,0.6335663206111471,382.79998779296875,5713900,2021-01-20,1.0931028056060037
2021-01-21,383.0299987792969,387.2099914550781,372.0299987792969,0.6335860894721775,382.80999755859375,5180800,2021-01-21,1.0931770506441456
2021-01-22,380.989990234375,385.2900085449219,376.3800048828125,0.6347513071255293,383.3999938964844,2791600,2021-01-22,1.0975532071148721
2021-01-25,388.989990234375,398.79998779296875,378.2699890136719,0.6514001838262993,391.8299865722656,5178100,2021-01-25,1.1600806579261624
2021-01-26,391.0799865722656,395.82000732421875,372.20001220703125,0.616956981632438,374.3900146484375,5151300,2021-01-26,1.0307238448709974
2021-01-27,367.5,384.2539978027344,362.7659912109375,0.6097483387828289,370.739990234375,4557500,2021-01-27,1.003650663340724
2021-01-28,368.0,383.3139953613281,363.8599853515625,0.6252517666912774,378.5899963378906,3374200,2021-01-28,1.0618762027194297
2021-01-29,379.0,385.9100036621094,358.6199951171875,0.6123750659213164,372.07000732421875,3959000,2021-01-29,1.013515746427012
2021-02-01,369.0,382.7799987792969,368.1300048828125,0.6318481172872061,381.92999267578125,3443900,2021-02-01,1.0866498252787151
2021-02-02,384.5,394.8900146484375,378.67999267578125,0.6514199526873297,391.8399963378906,3780100,2021-02-02,1.1601549029643043
2021-02-03,395.7900085449219,395.7900085449219,379.0,0.6289646963099131,380.4700012207031,3433100,2021-02-03,1.0758206884806998
2021-02-04,383.5,390.0,376.8699951171875,0.6477465607907545,389.9800109863281,2528100,2021-02-04,1.146358907279318
2021-02-05,387.8599853515625,420.0,387.8599853515625,0.7062250214715146,419.5899963378906,9759100,2021-02-05,1.3659838789488532
2021-02-08,420.739990234375,422.0,406.5,0.6888848976147786,410.80999755859375,3731500,2021-02-08,1.3008603417276545
2021-02-09,411.69500732421875,434.6700134277344,410.31298828125,0.7268435819006435,430.0299987792969,5115400,2021-02-09,1.4434200955899645
2021-02-10,431.8900146484375,441.2200012207031,416.1440124511719,0.7287592930221346,431.0,4738300,2021-02-10,1.4506148472282019
2021-02-11,433.989990234375,443.75,429.510009765625,0.7322549459821901,432.7699890136719,3502600,2021-02-11,1.4637433166403815
2021-02-12,431.5199890136719,435.0,423.1300048828125,0.7329264242771257,433.1099853515625,2077800,2021-02-12,1.4662651580121482
2021-02-16,438.7969970703125,451.7699890136719,436.70001220703125,0.7554409872376333,444.510009765625,4249200,2021-02-16,1.5508221076101785
2021-02-17,440.0199890136719,441.20001220703125,418.25,0.7256388867961487,429.4200134277344,4006500,2021-02-17,1.4388956753997777
2021-02-18,426.75,428.8800048828125,414.0,0.7029071074479788,417.9100036621094,2645300,2021-02-18,1.3535229358094805
2021-02-19,419.2200012207031,425.989990234375,414.5,0.7016233971702805,417.260009765625,2195000,2021-02-19,1.3487017618235493
2021-02-22,408.5,411.7200012207031,390.6000061035156,0.6563573462714904,394.3399963378906,4340300,2021-02-22,1.1786980539539034
2021-02-23,371.010009765625,389.989990234375,351.80999755859375,0.6441521237964652,388.1600036621094,5558200,2021-02-23,1.1328594390332523
2021-02-24,383.1300048828125,388.67498779296875,375.6199951171875,0.638365512980849,385.2300109863281,3442400,2021-02-24,1.11112692039908
2021-02-25,383.7799987792969,387.6549987792969,361.010009765625,0.5978788855907304,364.7300109863281,4585100,2021-02-25,0.9590730822843682
2021-02-26,367.95001220703125,377.093994140625,356.1709899902344,0.6154164569740986,373.6099853515625,4702400,2021-02-26,1.024938164459692
2021-03-01,388.6600036621094,416.20001220703125,387.010009765625,0.6866137086202481,409.6600036621094,10044700,2021-03-01,1.2923305375438037
2021-03-02,439.6000061035156,440.0,371.82000732421875,0.6137970376843914,372.7900085449219,18156600,2021-03-02,1.0188561829662894
2021-03-03,383.0,383.25,339.0,0.5521388641945546,341.57000732421875,15526000,2021-03-03,0.7872893043539041
2021-03-04,347.79998779296875,358.29998779296875,333.0,0.555140777796194,343.0899963378906,10328100,2021-03-04,0.7985634586671239
2021-03-05,345.3900146484375,347.75,314.3800048828125,0.5439625114891438,337.42999267578125,8255500,2021-03-05,0.7565817376638528
2021-03-08,334.989990234375,339.3500061035156,309.0,0.4916261394970392,310.92999267578125,6899100,2021-03-08,0.5600243371741035
2021-03-09,331.95001220703125,343.57598876953125,320.79998779296875,0.5532052978136726,342.1099853515625,5705200,2021-03-09,0.7912944619907445
2021-03-10,347.989990234375,355.69000244140625,333.010009765625,0.5411975831361973,336.0299987792969,4730000,2021-03-10,0.7461976183810421
2021-03-11,347.989990234375,357.39801025390625,338.79998779296875,0.5789982973465729,355.1700134277344,3915400,2021-03-11,0.8881640910086874
2021-03-12,342.010009765625,350.44000244140625,338.42999267578125,0.5616581734898369,346.3900146484375,2960800,2021-03-12,0.8230405537874886
2021-03-15,347.07598876953125,351.55999755859375,343.5,0.5687877408953246,350.0,1988200,2021-03-15,0.8498167551651943
2021-03-16,351.989990234375,355.489990234375,333.69000244140625,0.5393213494658491,335.0799865722656,3333200,2021-03-16,0.7391511304622651
2021-03-17,328.57000732421875,340.5400085449219,322.6600036621094,0.5424220471017224,336.6499938964844,3593200,2021-03-17,0.7507962836093709
2021-03-18,330.0,330.3299865722656,316.0,0.5022711889945305,316.32000732421875,5434400,2021-03-18,0.6000034793589543
2021-03-19,316.8299865722656,327.97698974609375,313.6300048828125,0.5219022707068273,326.260009765625,4981400,2021-03-19,0.6737310658021457
2021-03-22,329.45001220703125,333.8900146484375,327.010009765625,0.5263261560715417,328.5,2947900,2021-03-22,0.6903456566546429
2021-03-23,330.0,347.3999938964844,329.35198974609375,0.5485641960612956,339.760009765625,5723800,2021-03-23,0.7738640811459804
2021-03-24,338.67498779296875,339.989990234375,314.3500061035156,0.49958521554386975,314.9599914550781,4924500,2021-03-24,0.5899158875150641
2021-03-25,310.95001220703125,320.6300048828125,308.30999755859375,0.49936799915620717,314.8500061035156,3564800,2021-03-25,0.5891000975227971
2021-03-26,312.8900146484375,320.0,306.75,0.5094402941220788,319.95001220703125,3219800,2021-03-26,0.6269281708129437
2021-03-29,317.07000732421875,322.9700012207031,305.7799987792969,0.4866097910105926,308.3900146484375,3041400,2021-03-29,0.5411846587455839
2021-03-30,305.0,314.8800048828125,302.32000732421875,0.49608956258381426,313.19000244140625,2837100,2021-03-30,0.5767874181028845
2021-03-31,315.2349853515625,325.739990234375,311.1300048828125,0.5120867298506789,321.2900085449219,2773200,2021-03-31,0.63686727258055
2021-04-01,325.9800109863281,338.9100036621094,325.5,0.521843024394654,326.2300109863281,2853900,2021-04-01,0.6735085570445435
2021-04-05,327.8299865722656,328.5,313.1000061035156,0.5173598324468487,323.9599914550781,3024700,2021-04-05,0.6566712310776205
2021-04-06,323.75,332.6600036621094,321.6600036621094,0.5288738680368256,329.7900085449219,3767100,2021-04-06,0.6999139859451866
2021-04-07,329.1099853515625,333.44000244140625,319.2300109863281,0.5156218602618772,323.0799865722656,4197700,2021-04-07,0.6501440057121899
2021-04-08,326.8500061035156,333.989990234375,326.0,0.5318165353262918,331.2799987792969,2821500,2021-04-08,0.710965631500804
2021-04-09,329.1029968261719,329.82000732421875,319.4200134277344,0.5147726430304218,322.6499938964844,3216500,2021-04-09,0.6469546380676165
2021-04-12,318.1000061035156,322.3800048828125,315.19000244140625,0.5125212228969217,321.510009765625,2964500,2021-04-12,0.6384990789219076
2021-04-13,327.3580017089844,343.7080078125,325.5,0.5544692995012582,342.75,5298200,2021-04-13,0.7960416172953572
2021-04-14,344.7200012207031,345.0199890136719,328.6300048828125,0.5277086503834738,329.20001220703125,2844900,2021-04-14,0.6955378294744601
2021-04-15,334.1449890136719,338.4200134277344,327.4599914550781,0.5339890005575061,332.3800048828125,3360700,2021-04-15,0.7191246632075923
2021-04-16,330.2699890136719,333.75,326.8699951171875,0.5291898684587221,329.95001220703125,2476500,2021-04-16,0.7011007747713398
2021-04-19,327.5199890136719,337.7950134277344,320.5,0.5180905570539577,324.3299865722656,3131900,2021-04-19,0.6594155812069894
2021-04-20,326.7300109863281,327.54998779296875,316.3599853515625,0.5130544397064807,321.7799987792969,2282500,2021-04-20,0.6405016577403279
2021-04-21,317.010009765625,323.1099853515625,313.5,0.5149899196890021,322.760009765625,1917500,2021-04-21,0.6477706544167071
2021-04-22,322.6650085449219,338.04998779296875,322.6650085449219,0.5259706781985024,328.32000732421875,3328300,2021-04-22,0.6890106041090295
2021-04-23,331.489990234375,338.54998779296875,328.239990234375,0.5428763090089955,336.8800048828125,2454300,2021-04-23,0.7525023349888705
2021-04-26,337.510009765625,338.0,329.2099914550781,0.5419678454653669,336.4200134277344,2286700,2021-04-26,0.7490904585866949
2021-04-27,336.3900146484375,341.67999267578125,330.8900146484375,0.536181174378833,333.489990234375,2208300,2021-04-27,0.7273577135956989
2021-04-28,330.239990234375,334.70098876953125,326.0450134277344,0.5317572890141186,331.25,1437600,2021-04-28,0.7107431227432018
2021-04-29,331.1600036621094,332.5,318.8900146484375,0.5117114831166092,321.1000061035156,3121100,2021-04-29,0.6354579749967946
2021-04-30,318.0299987792969,326.27899169921875,317.239990234375,0.5086898006539395,319.57000732421875,2152500,2021-04-30,0.6241095756454329
2021-05-03,320.239990234375,321.125,311.5299987792969,0.49753130320791966,313.9200134277344,2253000,2021-05-03,0.5822020996803039
2021-05-04,310.9599914550781,311.5,298.7699890136719,0.479618424819564,304.8500061035156,3727600,2021-05-04,0.514927493564401
2021-05-05,306.5299987792969,310.9800109863281,294.5,0.4652802145644673,297.5899963378906,2582600,2021-05-05,0.461078110656422
2021-05-06,295.20001220703125,295.20001220703125,285.6099853515625,0.4563138909397743,293.04998779296875,3369100,2021-05-06,0.42740368507939963
2021-05-07,295.43701171875,304.6969909667969,292.7099914550781,0.4606390525411726,295.239990234375,2446200,2021-05-07,0.4436475034548342
2021-05-10,293.010009765625,293.94000244140625,286.0400085449219,0.4473080898639384,288.489990234375,2507800,2021-05-10,0.39358099578291694
2021-05-11,273.9100036621094,302.0,273.20001220703125,0.47053360857052456,300.25,4084400,2021-05-11,0.4808080504721742
2021-05-12,291.04998779296875,296.5299987792969,282.4049987792969,0.44969783175373307,289.70001220703125,3419800,2021-05-12,0.40255604383879584
2021-05-13,293.9800109863281,296.6099853515625,275.79998779296875,0.4506062952973617,290.1600036621094,4608500,2021-05-13,0.40596792024097145
2021-05-14,292.1499938964844,309.17999267578125,292.1499938964844,0.48562231229376046,307.8900146484375,4357300,2021-05-14,0.5374760285476641
2021-05-17,304.8299865722656,311.9100036621094,301.92999267578125,0.48767622462971055,308.92999267578125,2905600,2021-05-17,0.5451898163824243
2021-05-18,309.4100036621094,322.25,304.9700012207031,0.4954377928789911,312.8599853515625,3311900,2021-05-18,0.5743395954124362
2021-05-19,301.5799865722656,311.510009765625,299.0,0.4906979070923803,310.4599914550781,1728400,2021-05-19,0.5565382157337859
2021-05-20,314.25,325.95001220703125,313.0299987792969,0.518841050522097,324.7099914550781,3029400,2021-05-20,0.6622341763745002
2021-05-21,328.2099914550781,329.45001220703125,316.0610046386719,0.5024291590700198,316.3999938964844,2057300,2021-05-21,0.600596760593619
2021-05-24,318.5199890136719,324.0299987792969,316.5,0.5126199466602378,321.55999755859375,1855000,2021-05-24,0.6388698513989702
2021-05-25,322.7099914550781,325.510009765625,316.0799865722656,0.5120669609896485,321.2799987792969,2160100,2021-05-25,0.6367930275424081
2021-05-26,324.29998779296875,329.4599914550781,323.239990234375,0.521487486250697,326.04998779296875,2374300,2021-05-26,0.6721732781421065
2021-05-27,324.1099853515625,331.0,317.54998779296875,0.5222379797188362,326.42999267578125,3622100,2021-05-27,0.6749918733096173
2021-05-28,330.510009765625,336.3299865722656,329.6300048828125,0.5323102746847078,331.5299987792969,2745700,2021-05-28,0.7128199465997639
2021-06-01,333.3299865722656,336.1400146484375,321.70001220703125,0.5247856916841203,327.7200012207031,6607100,2021-06-01,0.6845602026001609
2021-06-02,331.8840026855469,333.7900085449219,322.2099914550781,0.5235809363087077,327.1099853515625,6252100,2021-06-02,0.6800355560531505
2021-06-03,320.114013671875,325.8299865722656,318.25,0.5075838293127609,319.010009765625,3107300,2021-06-03,0.6199559279323087
2021-06-04,321.59100341796875,338.989990234375,319.7699890136719,0.5411383368240241,336.0,5604900,2021-06-04,0.7459751096234399
2021-06-07,332.6700134277344,344.92999267578125,331.12298583984375,0.5542915605647386,342.6600036621094,4538700,2021-06-07,0.7953740910225505
2021-06-08,343.0,350.1499938964844,339.2200012207031,0.5515266322117921,341.260009765625,2842700,2021-06-08,0.7849899717397397
2021-06-09,330.6300048828125,340.3399963378906,330.2300109863281,0.5364576973495865,333.6300048828125,2721200,2021-06-09,0.7283962387023918
2021-06-10,332.04998779296875,346.8800048828125,331.0,0.5618753898774994,346.5,2809200,2021-06-10,0.8238563437797557
2021-06-11,347.6400146484375,367.9599914550781,345.1000061035156,0.6011770307532359,366.3999938964844,6783400,2021-06-11,0.971459780385599
2021-06-14,361.8699951171875,369.5769958496094,359.39898681640625,0.6002093208974341,365.9100036621094,3444300,2021-06-14,0.9678253952258212
2021-06-15,364.5,364.5,357.0480041503906,0.5865623577983035,359.0,2587900,2021-06-15,0.9165720987277507
2021-06-16,357.81500244140625,366.8299865722656,355.4100036621094,0.5921514608163697,361.8299865722656,2669200,2021-06-16,0.9375628460509744
2021-06-17,358.2049865722656,374.5199890136719,358.2049865722656,0.6141130381062878,372.95001220703125,3416600,2021-06-17,1.0200429717924426
2021-06-18,374.010009765625,379.8900146484375,370.92999267578125,0.616660689800654,374.239990234375,4569100,2021-06-18,1.0296110747261626
2021-06-21,368.7799987792969,372.6239929199219,363.2900085449219,0.6068056714933627,369.25,1896900,2021-06-21,0.9925990177851066
2021-06-22,368.510009765625,377.0,368.5,0.6174704295809665,374.6499938964844,1999000,2021-06-22,1.0326521786512757
2021-06-23,375.0,382.7099914550781,373.989990234375,0.6219536215287719,376.9200134277344,2358900,2021-06-23,1.0494895046181987
2021-06-24,378.45001220703125,382.5,372.32000732421875,0.6150017327888861,373.3999938964844,2438900,2021-06-24,1.0233806031564763
2021-06-25,374.07000732421875,374.0799865722656,364.0799865722656,0.6131650368405985,372.4700012207031,3647200,2021-06-25,1.016482605313983
2021-06-28,375.94000244140625,393.3299865722656,374.5,0.6455345578374796,388.8599853515625,3459900,2021-06-28,1.1380513854962457
2021-06-29,388.8500061035156,395.44000244140625,382.7699890136719,0.6571276086006601,394.7300109863281,2582700,2021-06-29,1.181590894159556
2021-06-30,395.0,395.4320068359375,385.5400085449219,0.6419204122530777,387.0299987792969,2249400,2021-06-30,1.1244778985688617
2021-07-01,386.1199951171875,390.1099853515625,382.0,0.6408342097729294,386.4800109863281,1468000,2021-07-01,1.1203984958938795
2021-07-02,390.4800109863281,398.7200012207031,386.54998779296875,0.6455938644205705,388.8900146484375,2065000,2021-07-02,1.1382741206106717
2021-07-06,392.5799865722656,403.4700012207031,391.55999755859375,0.6697475552608978,401.1199951171875,3436200,2021-07-06,1.228987070383423
2021-07-07,403.8599853515625,406.4800109863281,393.29998779296875,0.6555081290400351,393.9100036621094,2026600,2021-07-07,1.17550868630933
2021-07-08,386.0,390.5,377.5,0.6399059773682705,386.010009765625,2748900,2021-07-08,1.1169123744535618
2021-07-09,381.0199890136719,387.5299987792969,377.7919921875,0.6380692211490652,385.0799865722656,1918200,2021-07-09,1.110014150254245
2021-07-12,385.4100036621094,390.8800048828125,378.2699890136719,0.6262984917202827,379.1199951171875,1902500,2021-07-12,1.0658073416749516
2021-07-13,379.0400085449219,384.5,375.4100036621094,0.6248568113670951,378.3900146484375,1757400,2021-07-13,1.060392886454356
2021-07-14,380.79998779296875,381.30999755859375,360.45001220703125,0.5897420103364625,360.6099853515625,2599600,2021-07-14,0.9285137793137771
2021-07-15,363.92999267578125,368.57598876953125,355.3500061035156,0.5822371961969052,356.80999755859375,2399700,2021-07-15,0.900328280352316
2021-07-16,359.8699951171875,365.5,354.3399963378906,0.5924279837871232,361.9700012207031,1887100,2021-07-16,0.9386013711576673
2021-07-19,356.3299865722656,357.5,343.82000732421875,0.5770825862250818,354.20001220703125,7787600,2021-07-19,0.8809693393704501
2021-07-20,357.82501220703125,359.239990234375,347.0799865722656,0.5802622387632409,355.80999755859375,4061100,2021-07-20,0.8929110199564765
2021-07-21,355.3399963378906,355.79998779296875,348.3330078125,0.5746533668841444,352.9700012207031,2953400,2021-07-21,0.8718460275951109
2021-07-22,357.0299987792969,367.1000061035156,356.2099914550781,0.5912825349948018,361.3900146484375,3096000,2021-07-22,0.9342994597250827
2021-07-23,361.6000061035156,362.5,351.0,0.5870166197055766,359.2300109863281,2874300,2021-07-23,0.9182781501072503
2021-07-26,366.4800109863281,375.8299865722656,362.5,0.6144882848403574,373.1400146484375,3842000,2021-07-26,1.021452269376198
2021-07-27,374.760009765625,377.6990051269531,357.8699951171875,0.6034285111576537,367.5400085449219,3080000,2021-07-27,0.9799155658881316
2021-07-28,368.4809875488281,374.1449890136719,364.2300109863281,0.6072796419907485,369.489990234375,1870700,2021-07-28,0.9943790878459245
2021-07-29,376.07000732421875,396.8949890136719,375.0,0.6399256859583831,386.0199890136719,6662100,2021-07-29,1.1169863931348802
2021-07-30,380.510009765625,392.0,377.5299987792969,0.6242840568354756,378.1000061035156,2872500,2021-07-30,1.0582418175596517
2021-08-02,378.0,382.4200134277344,364.0,0.6259824912983863,378.9599914550781,3163600,2021-08-02,1.0646205528487984
2021-08-03,378.1300048828125,385.6199951171875,371.5889892578125,0.6179246914882397,374.8800048828125,2190900,2021-08-03,1.0343582300307754
2021-08-04,376.8800048828125,403.0,376.5,0.6686810613708621,400.5799865722656,5563800,2021-08-04,1.224981686389759
2021-08-05,395.7330017089844,404.3479919433594,391.82000732421875,0.6649286543010835,398.67999267578125,3427600,2021-08-05,1.2108889369090283
2021-08-06,392.29998779296875,395.0,380.70001220703125,0.6348895686109062,383.4700012207031,3092000,2021-08-06,1.0980724696682187
2021-08-09,384.92999267578125,385.5,378.20001220703125,0.6346328145011829,383.3399963378906,2306600,2021-08-09,1.0971081895996677
2021-08-10,385.70001220703125,392.7799987792969,371.5799865722656,0.6133230069160879,372.54998779296875,2806500,2021-08-10,1.0170758865486478
2021-08-11,374.9200134277344,375.9800109863281,352.7449951171875,0.5856933717058177,358.55999755859375,3510800,2021-08-11,0.9133084860450355
2021-08-12,358.3399963378906,364.1499938964844,355.0199890136719,0.5941856645622072,362.8599853515625,2063300,2021-08-12,0.9452026152044163
2021-08-13,362.2200012207031,363.3900146484375,353.5899963378906,0.5791364985610319,355.239990234375,1745600,2021-08-13,0.8886831272052103
2021-08-16,354.6000061035156,355.0,342.57000732421875,0.5656475658083084,348.4100036621094,2405500,2021-08-16,0.8380233382986282
2021-08-17,345.5,349.4599914550781,341.2959899902344,0.5599794476170387,345.5400085449219,1991500,2021-08-17,0.8167358371796603
2021-08-18,345.5,346.9700012207031,339.04998779296875,0.5508748625069689,340.92999267578125,2092700,2021-08-18,0.7825421490492914
2021-08-19,336.239990234375,337.989990234375,331.45001220703125,0.5339890005575061,332.3800048828125,2476000,2021-08-19,0.7191246632075923
2021-08-20,333.45001220703125,344.3599853515625,333.45001220703125,0.5428367712869349,336.8599853515625,2356200,2021-08-20,0.7523538449125866
2021-08-23,338.2250061035156,342.489990234375,336.7900085449219,0.5516055871140779,341.29998779296875,2147300,2021-08-23,0.7852864991786603
2021-08-24,344.4159851074219,346.3299865722656,337.760009765625,0.5495319059170974,340.25,1778100,2021-08-24,0.7774984663057583
2021-08-25,341.6400146484375,344.04998779296875,336.7909851074219,0.5445747434719063,337.739990234375,2039200,2021-08-25,0.7588810702780172
2021-08-26,350.75,357.92999267578125,340.25,0.5502823993852367,340.6300048828125,4849000,2021-08-26,0.7803170614732691
2021-08-27,343.8800048828125,344.7799987792969,337.6499938964844,0.5506378772582761,340.80999755859375,3096200,2021-08-27,0.7816521140188825
2021-08-30,341.70001220703125,348.29998779296875,339.6499938964844,0.5638503473111638,347.5,10094400,2021-08-30,0.8312736041755953
2021-08-31,294.0,295.8699951171875,288.29998779296875,0.44930281615863304,289.5,34582900,2021-08-31,0.40107250121689847
2021-09-01,292.8500061035156,299.3999938964844,290.04998779296875,0.451988729338376,290.8599853515625,14996000,2021-09-01,0.411159866703965
2021-09-02,292.79998779296875,296.69000244140625,290.4100036621094,0.4603428209803065,295.0899963378906,6645200,2021-09-02,0.442534959666823
2021-09-03,295.32501220703125,301.80499267578125,292.0299987792969,0.46666270887639943,298.2900085449219,6127900,2021-09-03,0.46627028347623917
2021-09-07,298.2950134277344,300.9800109863281,294.79998779296875,0.4699608540389049,299.9599914550781,4251900,2021-09-07,0.4786569815774701
2021-09-08,299.54998779296875,299.9599914550781,290.5299987792969,0.45740015369084036,293.6000061035156,3934400,2021-09-08,0.43148331411120555
2021-09-09,292.1600036621094,297.57000732421875,291.1300048828125,0.4618635165066976,295.8599853515625,3350100,2021-09-09,0.448246168683163
2021-09-10,296.9100036621094,306.26300048828125,296.80999755859375,0.47300230536260496,301.5,6094900,2021-09-10,0.4900796259669737
2021-09-13,300.1600036621094,300.2749938964844,289.82000732421875,0.450764265372851,290.239990234375,4916100,2021-09-13,0.40656120147563624
2021-09-14,290.3380126953125,291.8800048828125,280.9200134277344,0.43338466406497206,281.44000244140625,6036800,2021-09-14,0.3412894005349772
2021-09-15,282.3299865722656,283.07000732421875,277.0199890136719,0.4288027483538506,279.1199951171875,4647400,2021-09-15,0.3240813020909917
2021-09-16,277.67999267578125,279.2900085449219,273.5,0.42702529871773626,278.2200012207031,4676300,2021-09-16,0.3174058130061007
2021-09-17,279.7900085449219,287.7799987792969,278.3699951171875,0.44570837916434375,287.67999267578125,5423400,2021-09-17,0.38757303297083273
2021-09-20,278.6499938964844,285.0,276.9100036621094,0.43186396853858094,280.6700134277344,3905300,2021-09-20,0.3355781915186372
2021-09-21,281.0270080566406,281.1700134277344,275.06500244140625,0.4270647761688791,278.239990234375,4168300,2021-09-21,0.317554076725561
2021-09-22,276.20001220703125,279.3900146484375,275.25,0.4264920819081773,277.95001220703125,2973700,2021-09-22,0.3154032341876805
2021-09-23,279.9100036621094,280.3590087890625,275.45001220703125,0.42301613753823436,276.19000244140625,2867900,2021-09-23,0.3023487834568193
2021-09-24,274.6400146484375,275.8999938964844,267.1910095214844,0.41545201681558613,272.3599853515625,4051700,2021-09-24,0.27394054938093243
2021-09-27,269.489990234375,275.239990234375,266.1099853515625,0.41647903325447894,272.8800048828125,3084100,2021-09-27,0.2777976696551361
2021-09-28,269.489990234375,270.614990234375,259.79998779296875,0.3947742703452017,261.8900146484375,5212900,2021-09-28,0.19628205033904245
2021-09-29,262.32000732421875,266.8599853515625,256.8800048828125,0.3859264393448551,257.4100036621094,4316300,2021-09-29,0.16305264227722455
2021-09-30,257.3869934082031,264.8789978027344,255.25,0.39400400801603214,261.5,4733100,2021-09-30,0.19338921013338967
2021-10-01,268.77099609375,274.57000732421875,262.70001220703125,0.40587352147904837,267.510009765625,8664800,2021-10-01,0.23796701754656924
2021-10-04,264.239990234375,264.572998046875,253.41000366210938,0.3902120632241927,259.5799865722656,5004600,2021-10-04,0.17914797057637524
2021-10-05,259.8399963378906,262.739990234375,256.8500061035156,0.38535368481323556,257.1199951171875,3712100,2021-10-05,0.16090157338252045
2021-10-06,251.3000030517578,257.8800048828125,250.11000061035156,0.37850058010758364,253.64999389648438,3905500,2021-10-06,0.13516367075468408
2021-10-07,254.42999267578125,258.4800109863281,253.80999755859375,0.3836749589404373,256.2699890136719,2672200,2021-10-07,0.15459685677469207
2021-10-08,257.2300109863281,260.5400085449219,253.63299560546875,0.38126553859598894,255.0500030517578,2265300,2021-10-08,0.1455479032159066
2021-10-11,252.17999267578125,258.4100036621094,252.0,0.3791325809513764,253.97000122070312,1722500,2021-10-11,0.13753724840699041
2021-10-12,255.27000427246094,257.3399963378906,253.10000610351562,0.3821345246884747,255.49000549316406,3061100,2021-10-12,0.14881151589862193
2021-10-13,257.739990234375,268.2799987792969,257.3039855957031,0.4033652869649073,266.239990234375,3764800,2021-10-13,0.22854695197548583
2021-10-14,270.5,274.0,266.8399963378906,0.40488604276221624,267.010009765625,3063900,2021-10-14,0.23425838734864943
2021-10-15,267.0,267.9800109863281,264.25299072265625,0.40352331731131436,266.32000732421875,2796400,2021-10-15,0.2291404595669742
2021-10-18,265.6700134277344,274.8299865722656,265.5,0.41914523784410934,274.2300109863281,2649200,2021-10-18,0.2878110164608843
2021-10-19,274.5299987792969,279.80999755859375,273.8299865722656,0.42343086172344696,276.3999938964844,2379400,2021-10-19,0.303906344760035
2021-10-20,277.3500061035156,280.20001220703125,272.67498779296875,0.4220681362725451,275.7099914550781,1740700,2021-10-20,0.2987884169783598
2021-10-21,273.6400146484375,278.1400146484375,272.6000061035156,0.4202314403242576,274.7799987792969,1496600,2021-10-21,0.2918904191358666
2021-10-22,283.510009765625,286.6600036621094,276.1199951171875,0.4257612970301506,277.5799865722656,3320500,2021-10-22,0.31265865770148804
2021-10-25,276.0400085449219,282.9800109863281,275.7200012207031,0.43012599635360954,279.7900085449219,2925600,2021-10-25,0.32905096615320656
2021-10-26,283.3299865722656,286.94000244140625,277.7699890136719,0.42797329998342554,278.70001220703125,2422000,2021-10-26,0.32096617948456024
2021-10-27,278.94000244140625,282.4800109863281,272.25,0.41634077176910217,272.80999755859375,3104800,2021-10-27,0.2772784071017897
2021-10-28,271.1600036621094,278.260009765625,269.2099914550781,0.4237863395964862,276.5799865722656,1594800,2021-10-28,0.3052413973056485
2021-10-29,272.0199890136719,276.614013671875,271.5979919433594,0.4199746862145343,274.6499938964844,1493800,2021-10-29,0.2909261390673157
2021-11-01,273.20001220703125,279.4700012207031,271.343994140625,0.42844727048081127,278.94000244140625,2773200,2021-11-01,0.32274624954537817
2021-11-02,281.09600830078125,286.45001220703125,276.2699890136719,0.4311134750704417,280.2900085449219,2092700,2021-11-02,0.3327595963511264
2021-11-03,280.2200012207031,286.04998779296875,274.0249938964844,0.44171898684587224,285.6600036621094,2435800,2021-11-03,0.37259024845969324
2021-11-04,286.2179870605469,291.30999755859375,280.7300109863281,0.4348856510012506,282.20001220703125,1986800,2021-11-04,0.34692659086999883
2021-11-05,267.1000061035156,275.6400146484375,259.7699890136719,0.40032389591212497,264.70001220703125,5421000,2021-11-05,0.21712453394280584
2021-11-08,262.6499938964844,263.17999267578125,257.94000244140625,0.3908440640679856,259.8999938964844,3944100,2021-11-08,0.18152154822868158
2021-11-09,260.989990234375,265.6600036621094,257.57000732421875,0.3878816279174891,258.3999938964844,3022500,2021-11-09,0.1703956576349222
2021-11-10,257.010009765625,259.4700012207031,249.0,0.37378043304654424,251.25999450683594,4903900,2021-11-10,0.11743642293576392
2021-11-11,251.27000427246094,253.19000244140625,245.16000366210938,0.3665521117422816,247.60000610351562,3286200,2021-11-11,0.09028933590258395
2021-11-12,248.3800048828125,255.13999938964844,245.52999877929688,0.3811075383850408,254.97000122070312,3173600,2021-11-12,0.14495450880283003
2021-11-15,255.0,265.3299865722656,255.0,0.3983686470685733,263.7099914550781,3994900,2021-11-15,0.2097812922282846
2021-11-16,263.0,268.8800048828125,261.2099914550781,0.39990911145599467,264.489990234375,1972000,2021-11-16,0.21556674628276654
2021-11-17,264.0,266.19000244140625,261.5199890136719,0.3983686470685733,263.7099914550781,2417300,2021-11-17,0.2097812922282846
2021-11-18,260.8800048828125,263.5,254.5800018310547,0.3826480027724622,255.75,2353700,2021-11-18,0.15073996285731198
2021-11-19,262.239990234375,265.2300109863281,249.3300018310547,0.37385944821974776,251.3000030517578,3877500,2021-11-19,0.11773317673150811
2021-11-22,249.25999450683594,251.6999969482422,238.1999969482422,0.3560453237301671,242.27999877929688,8012800,2021-11-22,0.05082945627107961
2021-11-23,218.0500030517578,218.61000061035156,195.8000030517578,0.28565784199978905,206.63999938964844,25297500,2021-11-23,0.21352169970950727
2021-11-24,203.89700317382812,211.5,202.02000427246094,0.28893627857218196,208.3000030517578,9218600,2021-11-24,0.2012090202895947
2021-11-26,235.6999969482422,235.97000122070312,219.2100067138672,0.3124580288396342,220.2100067138672,10808600,2021-11-26,0.11286942181232623
2021-11-29,216.42999267578125,219.36000061035156,208.4600067138672,0.31002880949869666,218.97999572753906,7035400,2021-11-29,0.12199273358766544
2021-11-30,220.66000366210938,221.40499877929688,207.39999389648438,0.2950783973962964,211.41000366210938,5916200,2021-11-30,0.17814133593139708
2021-12-01,211.4199981689453,211.5,196.26600646972656,0.26802148658218694,197.7100067138672,7560800,2021-12-01,0.27975778071871726
2021-12-02,195.44000244140625,198.49000549316406,188.3699951171875,0.25625072701794566,191.75,6610800,2021-12-02,0.32396470247642245
2021-12-03,187.72999572753906,187.8300018310547,177.1199951171875,0.24078680669609898,183.9199981689453,8934200,2021-12-03,0.38204186495725595
2021-12-06,180.63499450683594,186.1300048828125,175.27000427246094,0.24457872135247938,185.83999633789062,4157900,2021-12-06,0.3678007385786533
2021-12-07,187.85000610351562,190.86500549316406,185.5800018310547,0.25093808669971523,189.05999755859375,3988300,2021-12-07,0.3439171510497769
2021-12-08,188.2899932861328,195.97999572753906,184.3000030517578,0.2623928458420601,194.86000061035156,3320800,2021-12-08,0.30089701811822483
2021-12-09,195.1649932861328,198.50999450683594,185.64999389648438,0.2493778835867223,188.27000427246094,3797200,2021-12-09,0.349776736963989
2021-12-10,188.27000427246094,191.36000061035156,183.91000366210938,0.24341350369912756,185.25,2174600,2021-12-10,0.37217689504937984
2021-12-13,181.86000061035156,188.97000122070312,181.0,0.24207054710925613,184.57000732421875,2767800,2021-12-13,0.3772205777929131
2021-12-14,180.57000732421875,183.4199981689453,178.8000030517578,0.23687639941537209,181.94000244140625,3511200,2021-12-14,0.396728008851063
2021-12-15,181.1300048828125,185.46499633789062,174.66000366210938,0.24041155996202934,183.72999572753906,4792300,2021-12-15,0.38345116254101136
2021-12-16,183.7899932861328,185.72000122070312,177.0,0.2377848629590007,182.39999389648438,4224400,2021-12-16,0.3933161324488874
2021-12-17,184.1199951171875,201.69000244140625,183.35499572753906,0.2720306477616888,199.74000549316406,10512600,2021-12-17,0.2647007511694358
2021-12-20,205.0,205.22000122070312,197.02000427246094,0.26853496466617444,197.97000122070312,7774100,2021-12-20,0.2778293337600272
2021-12-21,199.0399932861328,200.52999877929688,191.6699981689453,0.27139864691789595,199.4199981689453,4246800,2021-12-21,0.26707432882174215
2021-12-22,197.0500030517578,200.25,190.4199981689453,0.2589761779197493,193.1300048828125,2865900,2021-12-22,0.313728846913072
2021-12-23,191.0,193.41000366210938,186.64999389648438,0.2560532192203957,191.64999389648438,3106600,2021-12-23,0.3247064737873711
2021-12-27,189.5399932861328,190.44000244140625,185.66000366210938,0.24773866530052585,187.44000244140625,3068500,2021-12-27,0.35593307667394525
2021-12-28,186.60000610351562,190.6300048828125,183.08999633789062,0.24049057513523286,183.77000427246094,3129100,2021-12-28,0.3831544087452672
2021-12-29,184.0,185.21400451660156,179.78500366210938,0.23661964530564888,181.80999755859375,2565700,2021-12-29,0.39769228891961395
2021-12-30,182.32000732421875,192.91000366210938,180.83999633789062,0.253821537812467,190.52000427246094,4141900,2021-12-30,0.33308790107334985
2021-12-31,189.1999969482422,191.61099243164062,183.6199951171875,0.24076706797052755,183.91000366210938,2817400,2021-12-31,0.3821159968169861
